1716914583532 0.3487647282225745 1
1716914583567 0.11336014419794083 2
1716914583601 0.09538496738033635 3
1716914583637 0.15918447183711187 4
1716914583671 0.10108844084399086 5
1716914583705 0.045111040983881266 6
1716914583740 0.09880746129368033 7
1716914583774 0.15747869892844132 8
1716914583808 0.07160577444093567 9
1716914583843 0.038413693596209796 10
1716914583877 0.03946876419442041 11
1716914583910 0.040085838442402225 12
1716914583944 0.026838934182056358 13
1716914583978 0.02213277222056474 14
1716914584012 0.08277901634573936 15
1716914584047 0.10811557274843965 16
1716914584080 0.06739821045526437 17
1716914584114 0.03633233053343637 18
1716914584149 0.07573050559897508 19
1716914584182 0.1265493313382779 20
