1716914583529 0.8246753246753247 1
1716914583564 0.9930555555555556 2
1716914583599 0.9664429530201343 3
1716914583635 0.9496402877697842 4
1716914583668 0.9285714285714286 5
1716914583702 0.993103448275862 6
1716914583738 0.9798657718120806 7
1716914583772 0.9724137931034482 8
1716914583806 0.9928571428571429 9
1716914583841 0.9864864864864865 10
1716914583874 0.9931972789115646 11
1716914583908 0.9801324503311258 12
1716914583942 1.0 13
1716914583976 0.9931506849315068 14
1716914584010 0.96 15
1716914584044 0.9605263157894737 16
1716914584078 0.9928057553956835 17
1716914584112 0.9798657718120806 18
1716914584147 0.9798657718120806 19
1716914584180 0.9930555555555556 20
