1716914583530 0.8523489932885906 1
1716914583564 0.959731543624161 2
1716914583599 0.9664429530201343 3
1716914583635 0.8859060402684564 4
1716914583669 0.959731543624161 5
1716914583703 0.9664429530201343 6
1716914583738 0.9798657718120806 7
1716914583772 0.9463087248322147 8
1716914583806 0.9328859060402684 9
1716914583842 0.9798657718120806 10
1716914583875 0.9798657718120806 11
1716914583908 0.9932885906040269 12
1716914583942 0.9798657718120806 13
1716914583976 0.9731543624161074 14
1716914584010 0.9664429530201343 15
1716914584045 0.9798657718120806 16
1716914584078 0.9261744966442953 17
1716914584112 0.9798657718120806 18
1716914584147 0.9798657718120806 19
1716914584180 0.959731543624161 20
