1716914583528 0.8768844221105527 1
1716914583564 0.9824120603015075 2
1716914583599 0.9748743718592965 3
1716914583634 0.9396984924623115 4
1716914583668 0.957286432160804 5
1716914583702 0.9849246231155779 6
1716914583737 0.9849246231155779 7
1716914583771 0.9698492462311558 8
1716914583805 0.9723618090452262 9
1716914583841 0.9874371859296482 10
1716914583874 0.9899497487437185 11
1716914583907 0.9899497487437185 12
1716914583942 0.992462311557789 13
1716914583975 0.9874371859296482 14
1716914584009 0.9723618090452262 15
1716914584044 0.9773869346733668 16
1716914584078 0.9698492462311558 17
1716914584112 0.9849246231155779 18
1716914584146 0.9849246231155779 19
1716914584179 0.9824120603015075 20
