1716914583530 0.8382838283828382 1
1716914583565 0.9761092150170648 2
1716914583600 0.9664429530201343 3
1716914583635 0.9166666666666667 4
1716914583669 0.9438943894389439 5
1716914583703 0.9795918367346937 6
1716914583738 0.9798657718120806 7
1716914583772 0.9591836734693876 8
1716914583807 0.9619377162629759 9
1716914583842 0.9831649831649831 10
1716914583875 0.9864864864864865 11
1716914583909 0.9866666666666667 12
1716914583943 0.9898305084745762 13
1716914583976 0.983050847457627 14
1716914584010 0.9632107023411371 15
1716914584045 0.9700996677740865 16
1716914584079 0.9583333333333334 17
1716914584113 0.9798657718120806 18
1716914584147 0.9798657718120806 19
1716914584180 0.9761092150170648 20
