1716914788513 0.8322147651006712 1
1716914788547 0.9831649831649831 2
1716914788580 0.9634551495016611 3
1716914788615 0.9448275862068964 4
1716914788648 0.9698996655518394 5
1716914788681 0.9655172413793103 6
1716914788714 0.9364548494983278 7
1716914788747 0.9530201342281879 8
1716914788779 0.9616724738675958 9
1716914788813 0.9798657718120806 10
1716914788847 0.9864864864864865 11
1716914788880 0.9694915254237289 12
1716914788913 0.9829351535836178 13
1716914788946 0.9536423841059601 14
1716914788980 0.9662162162162162 15
