1716914788512 0.8322147651006712 1
1716914788546 0.9864864864864865 2
1716914788580 0.9539473684210527 3
1716914788614 0.9716312056737588 4
1716914788647 0.9666666666666667 5
1716914788680 0.9929078014184397 6
1716914788713 0.9333333333333333 7
1716914788746 0.9530201342281879 8
1716914788778 1.0 9
1716914788812 0.9798657718120806 10
1716914788846 0.9931972789115646 11
1716914788879 0.9794520547945206 12
1716914788912 1.0 13
1716914788946 0.9411764705882353 14
1716914788979 0.9727891156462585 15
