1716914788512 0.8743718592964824 1
1716914788546 0.9874371859296482 2
1716914788579 0.9723618090452262 3
1716914788613 0.9597989949748744 4
1716914788647 0.9773869346733668 5
1716914788679 0.9748743718592965 6
1716914788713 0.9522613065326633 7
1716914788746 0.964824120603015 8
1716914788778 0.9723618090452262 9
1716914788812 0.9849246231155779 10
1716914788846 0.9899497487437185 11
1716914788879 0.9773869346733668 12
1716914788912 0.9874371859296482 13
1716914788945 0.964824120603015 14
1716914788979 0.9748743718592965 15
