1716914788513 0.8322147651006712 1
1716914788547 0.9798657718120806 2
1716914788580 0.9731543624161074 3
1716914788614 0.9194630872483222 4
1716914788648 0.9731543624161074 5
1716914788680 0.9395973154362416 6
1716914788714 0.9395973154362416 7
1716914788747 0.9530201342281879 8
1716914788779 0.9261744966442953 9
1716914788812 0.9798657718120806 10
1716914788847 0.9798657718120806 11
1716914788880 0.959731543624161 12
1716914788912 0.9664429530201343 13
1716914788946 0.9664429530201343 14
1716914788980 0.959731543624161 15
