1716914788516 0.38201503668512615 1
1716914788549 0.118781963629382 2
1716914788582 0.0880923941731453 3
1716914788616 0.11739370679216725 4
1716914788650 0.10668473797185081 5
1716914788682 0.08069840392896108 6
1716914788716 0.11942351582859244 7
1716914788749 0.085250266960689 8
1716914788781 0.08911630591111523 9
1716914788814 0.04532540190432753 10
1716914788849 0.035700504135872634 11
1716914788882 0.04700914750407849 12
1716914788914 0.039750119139041216 13
1716914788948 0.10151613337386932 14
1716914788982 0.07437171494322163 15
