1716909893421 0.3072852385895593 1
1716909893458 0.27077197496380123 2
1716909893491 0.16204568637268885 3
1716909893525 0.12176328099199704 4
1716909893559 0.09020527691713401 5
1716909893593 0.16596380434930325 6
1716909893628 0.07996818689363343 7
1716909893664 0.04005304830414908 8
1716909893697 0.05210730539900916 9
1716909893732 0.09412886228944574 10
1716909893766 0.035477432289293835 11
1716909893800 0.06195434196186917 12
1716909893834 0.06440537782119853 13
1716909893868 0.21343383272843702 14
1716909893899 0.12369553638356072 15
1716909893933 0.10175272689333983 16
1716909893968 0.046228383268628805 17
1716909894003 0.022856160466160094 18
1716909894037 0.026465616455035552 19
1716909894071 0.07294641129140343 20
1716909894105 0.04914241709879467 21
1716909894139 0.06308503089738744 22
1716909894172 0.054666579933837056 23
1716909894207 0.09977346459137541 24
1716909894240 0.10308157226869039 25
1716909894274 0.1082826592028141 26
1716909894308 0.0361734800306814 27
1716909894341 0.03202524834445545 28
1716909894374 0.03756917134991714 29
1716909894408 0.028599024949861423 30
