1716909893418 0.8187919463087249 1
1716909893455 0.9060402684563759 2
1716909893489 0.9328859060402684 3
1716909893523 0.9530201342281879 4
1716909893557 0.9530201342281879 5
1716909893591 0.9530201342281879 6
1716909893626 0.912751677852349 7
1716909893661 0.9798657718120806 8
1716909893695 0.9664429530201343 9
1716909893729 0.9731543624161074 10
1716909893764 0.9932885906040269 11
1716909893798 0.9798657718120806 12
1716909893832 0.9328859060402684 13
1716909893866 0.9664429530201343 14
1716909893897 0.959731543624161 15
1716909893931 0.959731543624161 16
1716909893966 0.959731543624161 17
1716909894000 0.9865771812080537 18
1716909894034 0.9932885906040269 19
1716909894069 0.9798657718120806 20
1716909894102 0.9664429530201343 21
1716909894137 0.9865771812080537 22
1716909894171 0.959731543624161 23
1716909894205 0.959731543624161 24
1716909894238 0.912751677852349 25
1716909894272 0.9530201342281879 26
1716909894305 0.9798657718120806 27
1716909894339 0.9865771812080537 28
1716909894372 0.9798657718120806 29
1716909894406 0.9798657718120806 30
