1716909893417 0.8819095477386935 1
1716909893454 0.9371859296482412 2
1716909893488 0.9447236180904522 3
1716909893522 0.9547738693467337 4
1716909893556 0.9748743718592965 5
1716909893590 0.9723618090452262 6
1716909893625 0.957286432160804 7
1716909893661 0.9899497487437185 8
1716909893694 0.9773869346733668 9
1716909893729 0.964824120603015 10
1716909893763 0.9824120603015075 11
1716909893797 0.9874371859296482 12
1716909893831 0.9698492462311558 13
1716909893865 0.9748743718592965 14
1716909893896 0.9522613065326633 15
1716909893931 0.9623115577889447 16
1716909893965 0.9824120603015075 17
1716909893999 0.9949748743718593 18
1716909894034 0.992462311557789 19
1716909894068 0.9874371859296482 20
1716909894101 0.9874371859296482 21
1716909894136 0.9824120603015075 22
1716909894170 0.9798994974874372 23
1716909894204 0.9748743718592965 24
1716909894237 0.9547738693467337 25
1716909894271 0.9723618090452262 26
1716909894304 0.9874371859296482 27
1716909894338 0.992462311557789 28
1716909894372 0.9899497487437185 29
1716909894405 0.992462311557789 30
