1716909893419 0.838487972508591 1
1716909893456 0.9152542372881356 2
1716909893489 0.9266666666666667 3
1716909893524 0.9403973509933774 4
1716909893558 0.9659863945578231 5
1716909893591 0.9627118644067796 6
1716909893626 0.9411764705882352 7
1716909893662 0.9864864864864865 8
1716909893696 0.9696969696969697 9
1716909893730 0.9539473684210527 10
1716909893765 0.9768976897689768 11
1716909893798 0.9831649831649831 12
1716909893832 0.9586206896551724 13
1716909893866 0.9664429530201343 14
1716909893898 0.9377049180327869 15
1716909893932 0.9501661129568106 16
1716909893966 0.9761092150170648 17
1716909894001 0.9932432432432432 18
1716909894035 0.9899665551839465 19
1716909894069 0.9831649831649831 20
1716909894103 0.9829351535836178 21
1716909894137 0.9767441860465117 22
1716909894171 0.9727891156462585 23
1716909894205 0.9662162162162162 24
1716909894238 0.9379310344827586 25
1716909894272 0.9627118644067796 26
1716909894306 0.9831649831649831 27
1716909894339 0.9898989898989898 28
1716909894373 0.9864864864864865 29
1716909894406 0.9898305084745762 30
