1716909893418 0.8591549295774648 1
1716909893455 0.9246575342465754 2
1716909893489 0.9205298013245033 3
1716909893523 0.9281045751633987 4
1716909893557 0.9793103448275862 5
1716909893591 0.9726027397260274 6
1716909893626 0.9714285714285714 7
1716909893661 0.9931972789115646 8
1716909893695 0.972972972972973 9
1716909893729 0.9354838709677419 10
1716909893764 0.961038961038961 11
1716909893798 0.9864864864864865 12
1716909893831 0.9858156028368794 13
1716909893865 0.9664429530201343 14
1716909893897 0.9166666666666666 15
1716909893931 0.9407894736842105 16
1716909893966 0.9930555555555556 17
1716909894000 1.0 18
1716909894034 0.9866666666666667 19
1716909894069 0.9864864864864865 20
1716909894102 1.0 21
1716909894136 0.9671052631578947 22
1716909894170 0.9862068965517241 23
1716909894204 0.9727891156462585 24
1716909894238 0.9645390070921985 25
1716909894272 0.9726027397260274 26
1716909894305 0.9864864864864865 27
1716909894338 0.9932432432432432 28
1716909894372 0.9931972789115646 29
1716909894405 1.0 30
