1716915061115 0.8561643835616438 1
1716915061150 0.962962962962963 2
1716915061184 0.9133333333333332 3
1716915061220 0.9724137931034482 4
1716915061254 0.9664429530201343 5
1716915061288 0.9627118644067796 6
1716915061321 0.9480519480519481 7
1716915061357 0.9831649831649831 8
1716915061391 0.9729729729729729 9
1716915061425 0.9288135593220338 10
1716915061459 0.9562289562289561 11
1716915061493 0.9659863945578231 12
1716915061528 0.9797297297297297 13
1716915061561 0.9690721649484537 14
1716915061596 0.9767441860465117 15
1716915061629 0.9729729729729729 16
1716915061664 0.9898989898989898 17
1716915061698 0.9759450171821306 18
1716915061733 0.959731543624161 19
1716915061767 0.9795918367346937 20
1716915061802 0.9729729729729729 21
1716915061836 0.9864864864864865 22
1716915061870 0.9731543624161074 23
1716915061903 0.9831649831649831 24
1716915061936 0.9761092150170648 25
1716915061970 0.9898989898989898 26
1716915062002 0.9899665551839465 27
1716915062035 0.9655172413793103 28
1716915062069 0.9832775919732442 29
1716915062102 0.9694915254237289 30
1716915062136 0.9833887043189369 31
1716915062169 0.9865771812080537 32
1716915062204 0.9767441860465117 33
1716915062237 0.9432624113475176 34
1716915062272 0.969283276450512 35
1716915062308 0.9932885906040269 36
1716915062342 0.9932432432432432 37
1716915062377 1.0 38
1716915062411 0.9898989898989898 39
1716915062444 0.9932885906040269 40
1716915062478 0.9898989898989898 41
1716915062512 0.9932432432432432 42
1716915062546 0.9477124183006536 43
1716915062580 0.9898305084745762 44
1716915062614 0.9898989898989898 45
1716915062648 0.9702970297029703 46
1716915062682 0.9568106312292358 47
1716915062716 0.9833887043189369 48
1716915062750 0.9764309764309763 49
1716915062784 0.9252669039145909 50
1716915062817 0.9898305084745762 51
1716915062850 0.957377049180328 52
1716915062885 0.9798657718120806 53
1716915062918 0.9966329966329966 54
1716915062952 0.9932885906040269 55
1716915062986 0.9619377162629759 56
1716915063020 0.9866666666666667 57
1716915063053 0.9655172413793103 58
1716915063087 0.9899665551839465 59
1716915063120 0.9794520547945206 60
1716915063154 0.9511400651465798 61
1716915063187 0.9688581314878892 62
1716915063221 0.9831649831649831 63
1716915063255 0.9932885906040269 64
1716915063288 0.9966329966329966 65
1716915063322 1.0 66
1716915063356 1.0 67
1716915063391 0.9966555183946488 68
1716915063425 0.9898989898989898 69
1716915063459 0.9731543624161074 70
1716915063495 0.9797297297297297 71
1716915063532 0.9767441860465117 72
1716915063568 0.9864864864864865 73
1716915063603 0.9966329966329966 74
1716915063639 0.9966329966329966 75
1716915063675 0.9900332225913622 76
1716915063722 0.9863945578231292 77
1716915063758 0.9966555183946488 78
1716915063793 0.9863945578231292 79
1716915063830 0.9966329966329966 80
1716915063865 0.9932432432432432 81
1716915063901 0.9834983498349835 82
1716915063937 0.9724137931034482 83
1716915063973 0.9966329966329966 84
1716915064009 1.0 85
1716915064045 0.9932885906040269 86
1716915064080 0.9898989898989898 87
1716915064115 0.9706840390879479 88
1716915064148 0.983050847457627 89
1716915064182 0.9797297297297297 90
1716915064216 0.9831649831649831 91
1716915064249 0.9865771812080537 92
1716915064284 0.9798657718120806 93
1716915064317 0.9932885906040269 94
1716915064351 0.9966555183946488 95
1716915064385 0.9832775919732442 96
1716915064417 0.9636963696369636 97
1716915064450 0.9900332225913622 98
1716915064482 0.9899665551839465 99
1716915064519 0.9966555183946488 100
1716915064554 0.9932432432432432 101
1716915064587 0.961038961038961 102
1716915064620 0.9899665551839465 103
1716915064653 0.9724137931034482 104
1716915064687 0.9899665551839465 105
1716915064720 0.9866666666666667 106
1716915064755 0.9898305084745762 107
1716915064789 0.9834983498349835 108
1716915064822 0.9966329966329966 109
1716915064857 0.9932432432432432 110
1716915064891 0.9966555183946488 111
1716915064924 0.9966329966329966 112
1716915064958 0.9966555183946488 113
1716915064992 0.9655172413793103 114
1716915065025 0.9545454545454546 115
1716915065058 0.9865771812080537 116
1716915065092 0.9898989898989898 117
1716915065124 0.9966555183946488 118
1716915065158 0.9898989898989898 119
1716915065193 0.9966555183946488 120
1716915065227 0.9864864864864865 121
1716915065260 0.9932432432432432 122
1716915065295 0.9966329966329966 123
1716915065328 1.0 124
1716915065362 0.9932432432432432 125
1716915065396 0.9966329966329966 126
1716915065429 0.9966329966329966 127
1716915065462 0.9966329966329966 128
1716915065497 0.9966329966329966 129
1716915065531 0.9966555183946488 130
