1716915061117 0.3240280736769949 1
1716915061152 0.1583104921238763 2
1716915061185 0.1874296037214143 3
1716915061221 0.06690873205661774 4
1716915061255 0.11195481621793338 5
1716915061289 0.08951158821582794 6
1716915061323 0.09335438241916043 7
1716915061358 0.051701941660472324 8
1716915061393 0.07539334347737688 9
1716915061427 0.13935403738703048 10
1716915061460 0.07322602240102631 11
1716915061494 0.06993841659277678 12
1716915061529 0.04966687969863415 13
1716915061563 0.06844469272930707 14
1716915061597 0.04075981270787971 15
1716915061631 0.04573581247989621 16
1716915061665 0.03481855356533613 17
1716915061700 0.059073140212733834 18
1716915061735 0.10782025661319494 19
1716915061769 0.13832369233880723 20
1716915061803 0.06024311456297125 21
1716915061838 0.030433992855250835 22
1716915061871 0.040450769676161666 23
1716915061904 0.06658950514559235 24
1716915061938 0.07089709503842252 25
1716915061971 0.030715272096650943 26
1716915062003 0.0488146069193525 27
1716915062037 0.0727086326639567 28
1716915062071 0.03732891473919153 29
1716915062104 0.13005813863128424 30
1716915062137 0.03503459106598582 31
1716915062171 0.034222120818282874 32
1716915062205 0.12090790085494518 33
1716915062239 0.10989136408482279 34
1716915062274 0.052639512079102654 35
1716915062310 0.019437095083828484 36
1716915062344 0.022958119932029928 37
1716915062379 0.007109494480703559 38
1716915062413 0.01594648520196123 39
1716915062446 0.018832965970172415 40
1716915062480 0.017394324664824774 41
1716915062514 0.01522823772393167 42
1716915062548 0.0900919257962544 43
1716915062581 0.024491188715079 44
1716915062616 0.026045752423150197 45
1716915062650 0.0529775344101446 46
1716915062684 0.0954036723290171 47
1716915062718 0.08331637709800686 48
1716915062752 0.1370868418764855 49
1716915062786 0.1055115070194006 50
1716915062819 0.04537475534847805 51
1716915062852 0.08815719054213592 52
1716915062887 0.04400487896054983 53
1716915062920 0.013411802372762136 54
1716915062954 0.03356282712359514 55
1716915062988 0.09821164029251252 56
1716915063022 0.06896007832671915 57
1716915063055 0.09124246319489819 58
1716915063088 0.04282699219350304 59
1716915063122 0.07581322573657547 60
1716915063155 0.14561027022344725 61
1716915063189 0.0522533617913723 62
1716915063223 0.029598772392741272 63
1716915063256 0.017318413459828923 64
1716915063290 0.013438688258507423 65
1716915063324 0.0074823904516441485 66
1716915063358 0.002801293257756957 67
1716915063392 0.03169584192801267 68
1716915063427 0.03501727658190897 69
1716915063460 0.03443176445684263 70
1716915063497 0.049381431291944215 71
1716915063534 0.0762296337634325 72
1716915063569 0.030681553961975232 73
1716915063605 0.016000795843345777 74
1716915063640 0.011875651943098222 75
1716915063677 0.019153499476877705 76
1716915063723 0.028557101746888032 77
1716915063760 0.021505085585106696 78
1716915063795 0.033662500392113416 79
1716915063832 0.011962773577709283 80
1716915063866 0.06120545147652073 81
1716915063902 0.17836821711223041 82
1716915063938 0.04566897824406624 83
1716915063975 0.024984787351318767 84
1716915064011 0.009820523472236735 85
1716915064047 0.012805225726749216 86
1716915064082 0.10544030078952867 87
1716915064116 0.06590032590819257 88
1716915064150 0.04125385225883552 89
1716915064184 0.03388689341954887 90
1716915064218 0.029007653705775738 91
1716915064251 0.02587331648516868 92
1716915064285 0.026039585171799575 93
1716915064319 0.015118453751451202 94
1716915064353 0.011865852134568351 95
1716915064387 0.032797156467235515 96
1716915064419 0.08587763544970325 97
1716915064451 0.028977466181718876 98
1716915064484 0.026180255958544358 99
1716915064520 0.010956624023882406 100
1716915064555 0.07489076369841184 101
1716915064589 0.08253698430157133 102
1716915064621 0.047866596175091605 103
1716915064655 0.061008727976254055 104
1716915064688 0.02256985574162432 105
1716915064722 0.030086524185857604 106
1716915064757 0.048648501613310406 107
1716915064790 0.03628501799955432 108
1716915064824 0.010583890701777168 109
1716915064858 0.013345504911350352 110
1716915064893 0.010707251993673188 111
1716915064926 0.0054617998373162535 112
1716915064960 0.011565334778944296 113
1716915064993 0.11629564963680293 114
1716915065026 0.12718701216259173 115
1716915065060 0.029501565199877535 116
1716915065094 0.021834140377385274 117
1716915065126 0.01638796346794282 118
1716915065160 0.029730675542461022 119
1716915065195 0.034255298120634894 120
1716915065229 0.0352950700492199 121
1716915065262 0.020694689808546433 122
1716915065296 0.013686369971505232 123
1716915065330 0.011164073499717883 124
1716915065364 0.025421739123495563 125
1716915065397 0.010248258876215135 126
1716915065430 0.003807941576399441 127
1716915065464 0.009742590482346714 128
1716915065499 0.009571341061798324 129
1716915065533 0.004340891360438296 130
