1716915061113 0.8944723618090452 1
1716915061149 0.9723618090452262 2
1716915061182 0.9346733668341709 3
1716915061218 0.9798994974874372 4
1716915061253 0.9748743718592965 5
1716915061286 0.9723618090452262 6
1716915061320 0.9597989949748744 7
1716915061355 0.9874371859296482 8
1716915061390 0.9798994974874372 9
1716915061424 0.9472361809045227 10
1716915061457 0.9673366834170855 11
1716915061492 0.9748743718592965 12
1716915061526 0.9849246231155779 13
1716915061560 0.9773869346733668 14
1716915061595 0.9824120603015075 15
1716915061628 0.9798994974874372 16
1716915061662 0.992462311557789 17
1716915061697 0.9824120603015075 18
1716915061732 0.9698492462311558 19
1716915061766 0.9849246231155779 20
1716915061800 0.9798994974874372 21
1716915061835 0.9899497487437185 22
1716915061868 0.9798994974874372 23
1716915061902 0.9874371859296482 24
1716915061935 0.9824120603015075 25
1716915061968 0.992462311557789 26
1716915062000 0.992462311557789 27
1716915062034 0.9748743718592965 28
1716915062068 0.9874371859296482 29
1716915062101 0.9773869346733668 30
1716915062135 0.9874371859296482 31
1716915062168 0.9899497487437185 32
1716915062202 0.9824120603015075 33
1716915062236 0.9597989949748744 34
1716915062271 0.9773869346733668 35
1716915062307 0.9949748743718593 36
1716915062341 0.9949748743718593 37
1716915062376 1.0 38
1716915062410 0.992462311557789 39
1716915062443 0.9949748743718593 40
1716915062477 0.992462311557789 41
1716915062511 0.9949748743718593 42
1716915062545 0.9597989949748744 43
1716915062579 0.992462311557789 44
1716915062613 0.992462311557789 45
1716915062647 0.9773869346733668 46
1716915062681 0.9673366834170855 47
1716915062715 0.9874371859296482 48
1716915062749 0.9824120603015075 49
1716915062783 0.9472361809045227 50
1716915062816 0.992462311557789 51
1716915062849 0.9673366834170855 52
1716915062884 0.9849246231155779 53
1716915062917 0.9974874371859297 54
1716915062951 0.9949748743718593 55
1716915062985 0.9723618090452262 56
1716915063019 0.9899497487437185 57
1716915063052 0.9748743718592965 58
1716915063086 0.992462311557789 59
1716915063119 0.9849246231155779 60
1716915063153 0.9623115577889447 61
1716915063186 0.9773869346733668 62
1716915063220 0.9874371859296482 63
1716915063253 0.9949748743718593 64
1716915063287 0.9974874371859297 65
1716915063321 1.0 66
1716915063355 1.0 67
1716915063389 0.9974874371859297 68
1716915063424 0.992462311557789 69
1716915063457 0.9798994974874372 70
1716915063494 0.9849246231155779 71
1716915063531 0.9824120603015075 72
1716915063567 0.9899497487437185 73
1716915063602 0.9974874371859297 74
1716915063638 0.9974874371859297 75
1716915063674 0.992462311557789 76
1716915063720 0.9899497487437185 77
1716915063757 0.9974874371859297 78
1716915063792 0.9899497487437185 79
1716915063829 0.9974874371859297 80
1716915063864 0.9949748743718593 81
1716915063899 0.9874371859296482 82
1716915063935 0.9798994974874372 83
1716915063972 0.9974874371859297 84
1716915064008 1.0 85
1716915064043 0.9949748743718593 86
1716915064079 0.992462311557789 87
1716915064113 0.9773869346733668 88
1716915064147 0.9874371859296482 89
1716915064181 0.9849246231155779 90
1716915064215 0.9874371859296482 91
1716915064248 0.9899497487437185 92
1716915064282 0.9849246231155779 93
1716915064316 0.9949748743718593 94
1716915064350 0.9974874371859297 95
1716915064384 0.9874371859296482 96
1716915064416 0.9723618090452262 97
1716915064449 0.992462311557789 98
1716915064481 0.992462311557789 99
1716915064518 0.9974874371859297 100
1716915064552 0.9949748743718593 101
1716915064586 0.9698492462311558 102
1716915064618 0.992462311557789 103
1716915064652 0.9798994974874372 104
1716915064686 0.992462311557789 105
1716915064719 0.9899497487437185 106
1716915064754 0.992462311557789 107
1716915064788 0.9874371859296482 108
1716915064821 0.9974874371859297 109
1716915064855 0.9949748743718593 110
1716915064890 0.9974874371859297 111
1716915064923 0.9974874371859297 112
1716915064957 0.9974874371859297 113
1716915064991 0.9748743718592965 114
1716915065024 0.964824120603015 115
1716915065057 0.9899497487437185 116
1716915065091 0.992462311557789 117
1716915065123 0.9974874371859297 118
1716915065157 0.992462311557789 119
1716915065192 0.9974874371859297 120
1716915065226 0.9899497487437185 121
1716915065259 0.9949748743718593 122
1716915065294 0.9974874371859297 123
1716915065327 1.0 124
1716915065361 0.9949748743718593 125
1716915065394 0.9974874371859297 126
1716915065427 0.9974874371859297 127
1716915065461 0.9974874371859297 128
1716915065496 0.9974874371859297 129
1716915065530 0.9974874371859297 130
