1716915061114 0.8389261744966443 1
1716915061150 0.959731543624161 2
1716915061183 0.9194630872483222 3
1716915061219 0.9463087248322147 4
1716915061253 0.9664429530201343 5
1716915061287 0.9530201342281879 6
1716915061321 0.9798657718120806 7
1716915061356 0.9798657718120806 8
1716915061391 0.9664429530201343 9
1716915061425 0.9194630872483222 10
1716915061458 0.9530201342281879 11
1716915061492 0.9530201342281879 12
1716915061527 0.9731543624161074 13
1716915061561 0.9463087248322147 14
1716915061596 0.9865771812080537 15
1716915061629 0.9664429530201343 16
1716915061663 0.9865771812080537 17
1716915061698 0.9530201342281879 18
1716915061733 0.959731543624161 19
1716915061767 0.9664429530201343 20
1716915061801 0.9664429530201343 21
1716915061836 0.9798657718120806 22
1716915061869 0.9731543624161074 23
1716915061902 0.9798657718120806 24
1716915061936 0.959731543624161 25
1716915061969 0.9865771812080537 26
1716915062001 0.9932885906040269 27
1716915062034 0.9395973154362416 28
1716915062069 0.9865771812080537 29
1716915062102 0.959731543624161 30
1716915062135 0.9932885906040269 31
1716915062169 0.9865771812080537 32
1716915062203 0.9865771812080537 33
1716915062237 0.8926174496644296 34
1716915062272 0.9530201342281879 35
1716915062308 0.9932885906040269 36
1716915062342 0.9865771812080537 37
1716915062377 1.0 38
1716915062411 0.9865771812080537 39
1716915062444 0.9932885906040269 40
1716915062478 0.9865771812080537 41
1716915062512 0.9865771812080537 42
1716915062546 0.9731543624161074 43
1716915062580 0.9798657718120806 44
1716915062614 0.9865771812080537 45
1716915062648 0.9865771812080537 46
1716915062682 0.9664429530201343 47
1716915062715 0.9932885906040269 48
1716915062750 0.9731543624161074 49
1716915062784 0.87248322147651 50
1716915062817 0.9798657718120806 51
1716915062850 0.9798657718120806 52
1716915062884 0.9798657718120806 53
1716915062918 0.9932885906040269 54
1716915062952 0.9932885906040269 55
1716915062986 0.9328859060402684 56
1716915063020 0.9932885906040269 57
1716915063053 0.9395973154362416 58
1716915063086 0.9932885906040269 59
1716915063120 0.959731543624161 60
1716915063153 0.9798657718120806 61
1716915063187 0.9395973154362416 62
1716915063221 0.9798657718120806 63
1716915063254 0.9932885906040269 64
1716915063288 0.9932885906040269 65
1716915063322 1.0 66
1716915063356 1.0 67
1716915063390 1.0 68
1716915063425 0.9865771812080537 69
1716915063458 0.9731543624161074 70
1716915063494 0.9731543624161074 71
1716915063532 0.9865771812080537 72
1716915063567 0.9798657718120806 73
1716915063603 0.9932885906040269 74
1716915063639 0.9932885906040269 75
1716915063675 1.0 76
1716915063721 0.9731543624161074 77
1716915063758 1.0 78
1716915063793 0.9731543624161074 79
1716915063829 0.9932885906040269 80
1716915063865 0.9865771812080537 81
1716915063900 1.0 82
1716915063936 0.9463087248322147 83
1716915063973 0.9932885906040269 84
1716915064009 1.0 85
1716915064044 0.9932885906040269 86
1716915064080 0.9865771812080537 87
1716915064114 1.0 88
1716915064148 0.9731543624161074 89
1716915064182 0.9731543624161074 90
1716915064216 0.9798657718120806 91
1716915064249 0.9865771812080537 92
1716915064283 0.9798657718120806 93
1716915064317 0.9932885906040269 94
1716915064351 1.0 95
1716915064385 0.9865771812080537 96
1716915064417 0.9798657718120806 97
1716915064449 1.0 98
1716915064482 0.9932885906040269 99
1716915064519 1.0 100
1716915064553 0.9865771812080537 101
1716915064587 0.9932885906040269 102
1716915064619 0.9932885906040269 103
1716915064653 0.9463087248322147 104
1716915064686 0.9932885906040269 105
1716915064720 0.9932885906040269 106
1716915064755 0.9798657718120806 107
1716915064788 1.0 108
1716915064822 0.9932885906040269 109
1716915064856 0.9865771812080537 110
1716915064890 1.0 111
1716915064924 0.9932885906040269 112
1716915064958 1.0 113
1716915064991 0.9395973154362416 114
1716915065024 0.9865771812080537 115
1716915065058 0.9865771812080537 116
1716915065092 0.9865771812080537 117
1716915065124 1.0 118
1716915065158 0.9865771812080537 119
1716915065193 1.0 120
1716915065227 0.9798657718120806 121
1716915065260 0.9865771812080537 122
1716915065294 0.9932885906040269 123
1716915065327 1.0 124
1716915065362 0.9865771812080537 125
1716915065395 0.9932885906040269 126
1716915065428 0.9932885906040269 127
1716915065462 0.9932885906040269 128
1716915065497 0.9932885906040269 129
1716915065531 1.0 130
