1716915061114 0.8741258741258742 1
1716915061149 0.9662162162162162 2
1716915061183 0.9072847682119205 3
1716915061219 1.0 4
1716915061253 0.9664429530201343 5
1716915061287 0.9726027397260274 6
1716915061321 0.9182389937106918 7
1716915061356 0.9864864864864865 8
1716915061390 0.9795918367346939 9
1716915061424 0.9383561643835616 10
1716915061458 0.9594594594594594 11
1716915061492 0.9793103448275862 12
1716915061527 0.9863945578231292 13
1716915061561 0.9929577464788732 14
1716915061595 0.9671052631578947 15
1716915061629 0.9795918367346939 16
1716915061663 0.9932432432432432 17
1716915061697 1.0 18
1716915061732 0.959731543624161 19
1716915061767 0.993103448275862 20
1716915061801 0.9795918367346939 21
1716915061835 0.9931972789115646 22
1716915061869 0.9731543624161074 23
1716915061902 0.9864864864864865 24
1716915061935 0.9930555555555556 25
1716915061969 0.9932432432432432 26
1716915062001 0.9866666666666667 27
1716915062034 0.9929078014184397 28
1716915062068 0.98 29
1716915062102 0.9794520547945206 30
1716915062135 0.9736842105263158 31
1716915062169 0.9865771812080537 32
1716915062203 0.9671052631578947 33
1716915062237 1.0 34
1716915062271 0.9861111111111112 35
1716915062307 0.9932885906040269 36
1716915062341 1.0 37
1716915062376 1.0 38
1716915062410 0.9932432432432432 39
1716915062444 0.9932885906040269 40
1716915062478 0.9932432432432432 41
1716915062512 1.0 42
1716915062545 0.9235668789808917 43
1716915062579 1.0 44
1716915062613 0.9932432432432432 45
1716915062647 0.9545454545454546 46
1716915062682 0.9473684210526315 47
1716915062715 0.9736842105263158 48
1716915062750 0.9797297297297297 49
1716915062783 0.9848484848484849 50
1716915062817 1.0 51
1716915062850 0.9358974358974359 52
1716915062884 0.9798657718120806 53
1716915062918 1.0 54
1716915062952 0.9932885906040269 55
1716915062986 0.9928571428571429 56
1716915063020 0.9801324503311258 57
1716915063053 0.9929078014184397 58
1716915063086 0.9866666666666667 59
1716915063119 1.0 60
1716915063153 0.9240506329113924 61
1716915063186 1.0 62
1716915063220 0.9864864864864865 63
1716915063254 0.9932885906040269 64
1716915063287 1.0 65
1716915063322 1.0 66
1716915063356 1.0 67
1716915063390 0.9933333333333333 68
1716915063424 0.9932432432432432 69
1716915063458 0.9731543624161074 70
1716915063494 0.9863945578231292 71
1716915063531 0.9671052631578947 72
1716915063567 0.9931972789115646 73
1716915063603 1.0 74
1716915063638 1.0 75
1716915063675 0.9802631578947368 76
1716915063721 1.0 77
1716915063758 0.9933333333333333 78
1716915063793 1.0 79
1716915063829 1.0 80
1716915063864 1.0 81
1716915063900 0.9675324675324676 82
1716915063936 1.0 83
1716915063972 1.0 84
1716915064009 1.0 85
1716915064044 0.9932885906040269 86
1716915064079 0.9932432432432432 87
1716915064114 0.9430379746835443 88
1716915064148 0.9931506849315068 89
1716915064182 0.9863945578231292 90
1716915064216 0.9864864864864865 91
1716915064248 0.9865771812080537 92
1716915064283 0.9798657718120806 93
1716915064317 0.9932885906040269 94
1716915064351 0.9933333333333333 95
1716915064385 0.98 96
1716915064417 0.948051948051948 97
1716915064449 0.9802631578947368 98
1716915064482 0.9866666666666667 99
1716915064518 0.9933333333333333 100
1716915064553 1.0 101
1716915064587 0.9308176100628931 102
1716915064619 0.9866666666666667 103
1716915064652 1.0 104
1716915064686 0.9866666666666667 105
1716915064720 0.9801324503311258 106
1716915064754 1.0 107
1716915064788 0.9675324675324676 108
1716915064821 1.0 109
1716915064856 1.0 110
1716915064890 0.9933333333333333 111
1716915064923 1.0 112
1716915064958 0.9933333333333333 113
1716915064991 0.9929078014184397 114
1716915065024 0.9245283018867925 115
1716915065058 0.9865771812080537 116
1716915065091 0.9932432432432432 117
1716915065124 0.9933333333333333 118
1716915065157 0.9932432432432432 119
1716915065192 0.9933333333333333 120
1716915065226 0.9931972789115646 121
1716915065259 1.0 122
1716915065294 1.0 123
1716915065327 1.0 124
1716915065361 1.0 125
1716915065395 1.0 126
1716915065428 1.0 127
1716915065462 1.0 128
1716915065497 1.0 129
1716915065531 0.9933333333333333 130
