1716910586072 0.7486338797814208 1
1716910586107 0.9215686274509803 2
1716910586141 0.9523809523809523 3
1716910586177 0.986013986013986 4
1716910586211 0.9536423841059603 5
1716910586244 1.0 6
1716910586278 0.958904109589041 7
1716910586312 0.930379746835443 8
1716910586345 0.9724137931034482 9
1716910586380 0.9731543624161074 10
1716910586414 1.0 11
1716910586448 0.954248366013072 12
1716910586482 0.9848484848484849 13
1716910586516 0.9788732394366197 14
1716910586548 1.0 15
1716910586580 0.9930555555555556 16
1716910586614 0.9668874172185431 17
1716910586650 0.98 18
1716910586683 0.9931972789115646 19
1716910586717 0.9798657718120806 20
1716910586750 0.9931972789115646 21
1716910586783 0.9932885906040269 22
1716910586817 0.9932432432432432 23
1716910586850 0.9863945578231292 24
1716910586881 0.9548387096774194 25
1716910586915 0.993103448275862 26
1716910586950 1.0 27
1716910586982 0.9932885906040269 28
1716910587016 1.0 29
1716910587051 0.9933333333333333 30
1716910587085 0.9863945578231292 31
1716910587119 0.959731543624161 32
1716910587153 0.9801324503311258 33
1716910587189 0.9797297297297297 34
1716910587223 1.0 35
1716910587257 1.0 36
1716910587290 1.0 37
1716910587321 0.9932432432432432 38
1716910587353 0.9930555555555556 39
1716910587387 0.9931972789115646 40
1716910587421 0.96 41
1716910587454 0.9928057553956835 42
1716910587488 0.9666666666666667 43
1716910587522 0.9864864864864865 44
1716910587556 1.0 45
1716910587591 0.9931972789115646 46
1716910587625 0.98 47
1716910587657 1.0 48
1716910587691 1.0 49
1716910587724 1.0 50
1716910587757 0.9932432432432432 51
1716910587791 0.98 52
1716910587826 0.961038961038961 53
1716910587859 0.986013986013986 54
1716910587892 0.9798657718120806 55
1716910587926 0.9928571428571429 56
1716910587960 1.0 57
1716910587993 0.9867549668874173 58
1716910588028 1.0 59
1716910588062 0.9932885906040269 60
1716910588095 1.0 61
1716910588129 1.0 62
1716910588163 1.0 63
1716910588197 0.9864864864864865 64
1716910588231 0.9794520547945206 65
1716910588264 0.9931506849315068 66
1716910588298 1.0 67
1716910588331 0.9867549668874173 68
1716910588365 1.0 69
1716910588398 1.0 70
1716910588432 0.9933333333333333 71
1716910588466 0.993103448275862 72
1716910588499 0.9867549668874173 73
1716910588532 1.0 74
1716910588565 0.9931972789115646 75
1716910588599 0.9802631578947368 76
1716910588633 1.0 77
1716910588666 1.0 78
1716910588700 0.9865771812080537 79
1716910588733 1.0 80
1716910588766 1.0 81
1716910588799 0.9865771812080537 82
1716910588831 0.9933333333333333 83
1716910588865 1.0 84
1716910588898 0.9932885906040269 85
1716910588931 1.0 86
1716910588964 0.9864864864864865 87
1716910588994 0.9671052631578947 88
1716910589027 0.9932885906040269 89
1716910589061 1.0 90
1716910589095 1.0 91
1716910589129 0.9548387096774194 92
1716910589162 1.0 93
1716910589195 1.0 94
1716910589229 0.98 95
1716910589261 1.0 96
1716910589295 0.9802631578947368 97
1716910589329 0.9866666666666667 98
1716910589362 1.0 99
1716910589397 0.98 100
1716910589431 0.9932432432432432 101
1716910589464 1.0 102
1716910589497 0.9867549668874173 103
1716910589530 1.0 104
1716910589564 1.0 105
1716910589597 0.9675324675324676 106
1716910589631 0.9864864864864865 107
1716910589664 0.9863945578231292 108
1716910589698 1.0 109
1716910589732 0.9733333333333334 110
1716910589764 0.9929078014184397 111
1716910589797 1.0 112
1716910589831 1.0 113
1716910589865 0.9932885906040269 114
1716910589899 0.9931506849315068 115
1716910589933 1.0 116
1716910589967 1.0 117
1716910590000 0.9801324503311258 118
1716910590034 1.0 119
1716910590067 0.9932432432432432 120
1716910590102 0.9736842105263158 121
1716910590134 0.9671052631578947 122
1716910590169 0.98 123
1716910590202 0.9932885906040269 124
1716910590235 0.9932885906040269 125
1716910590268 0.9736842105263158 126
1716910590302 0.9483870967741935 127
1716910590335 0.9867549668874173 128
1716910590369 1.0 129
1716910590403 0.98 130
1716910590436 0.9931972789115646 131
1716910590469 1.0 132
1716910590502 1.0 133
1716910590536 1.0 134
1716910590570 1.0 135
1716910590603 1.0 136
1716910590638 1.0 137
1716910590672 1.0 138
1716910590704 1.0 139
1716910590739 0.9933333333333333 140
1716910590772 1.0 141
1716910590805 1.0 142
1716910590839 1.0 143
1716910590873 0.9933333333333333 144
1716910590905 1.0 145
1716910590942 1.0 146
1716910590976 1.0 147
1716910591010 1.0 148
1716910591043 1.0 149
1716910591076 1.0 150
1716910591110 0.9675324675324676 151
1716910591143 1.0 152
1716910591176 0.9866666666666667 153
1716910591210 0.9426751592356688 154
1716910591243 0.9933333333333333 155
1716910591277 1.0 156
1716910591311 1.0 157
1716910591343 0.9932885906040269 158
1716910591377 0.9673202614379085 159
1716910591410 0.9933333333333333 160
1716910591444 0.9933333333333333 161
1716910591478 1.0 162
1716910591512 0.9932885906040269 163
1716910591545 0.9865771812080537 164
1716910591578 0.9668874172185431 165
1716910591611 0.9866666666666667 166
1716910591645 1.0 167
1716910591678 1.0 168
1716910591712 1.0 169
1716910591745 0.9802631578947368 170
1716910591778 1.0 171
1716910591811 1.0 172
1716910591845 1.0 173
1716910591878 0.9866666666666667 174
1716910591912 1.0 175
1716910591946 0.9866666666666667 176
1716910591978 0.9863013698630136 177
1716910592011 0.9932885906040269 178
1716910592045 1.0 179
1716910592077 0.9864864864864865 180
1716910592110 1.0 181
1716910592144 1.0 182
1716910592180 0.9932432432432432 183
1716910592214 1.0 184
1716910592246 1.0 185
1716910592280 0.961038961038961 186
1716910592314 1.0 187
1716910592348 1.0 188
1716910592381 0.9867549668874173 189
1716910592415 1.0 190
1716910592448 1.0 191
1716910592482 0.9933333333333333 192
1716910592513 1.0 193
1716910592546 1.0 194
1716910592578 1.0 195
1716910592612 1.0 196
1716910592645 1.0 197
1716910592680 0.9867549668874173 198
1716910592713 0.993103448275862 199
1716910592747 0.9933333333333333 200
1716910592780 0.9933333333333333 201
1716910592814 0.9866666666666667 202
1716910592848 1.0 203
1716910592881 1.0 204
1716910592915 1.0 205
1716910592948 1.0 206
1716910592981 1.0 207
1716910593015 0.9933333333333333 208
1716910593046 1.0 209
1716910593080 1.0 210
1716910593114 1.0 211
1716910593147 1.0 212
1716910593181 1.0 213
1716910593216 0.9931972789115646 214
1716910593248 0.9738562091503268 215
1716910593281 0.9932885906040269 216
1716910593314 1.0 217
1716910593347 0.9933333333333333 218
1716910593382 0.9933333333333333 219
1716910593414 0.9932432432432432 220
1716910593448 1.0 221
1716910593482 0.9867549668874173 222
1716910593516 1.0 223
1716910593550 0.961038961038961 224
1716910593583 0.9866666666666667 225
1716910593617 1.0 226
1716910593650 0.9933333333333333 227
1716910593683 1.0 228
1716910593716 1.0 229
1716910593747 0.9867549668874173 230
1716910593781 1.0 231
1716910593815 0.9867549668874173 232
1716910593849 1.0 233
1716910593882 1.0 234
1716910593915 1.0 235
1716910593949 0.9867549668874173 236
1716910593981 1.0 237
1716910594015 1.0 238
1716910594048 1.0 239
1716910594082 1.0 240
1716910594115 1.0 241
1716910594148 1.0 242
1716910594182 1.0 243
1716910594215 1.0 244
1716910594247 1.0 245
1716910594281 1.0 246
1716910594315 1.0 247
1716910594349 1.0 248
1716910594383 0.9933333333333333 249
1716910594416 1.0 250
