1716910586072 0.8542713567839196 1
1716910586107 0.949748743718593 2
1716910586141 0.9597989949748744 3
1716910586176 0.9748743718592965 4
1716910586210 0.9698492462311558 5
1716910586243 0.9597989949748744 6
1716910586278 0.9623115577889447 7
1716910586311 0.9673366834170855 8
1716910586345 0.9698492462311558 9
1716910586379 0.9798994974874372 10
1716910586414 0.9723618090452262 11
1716910586447 0.9748743718592965 12
1716910586482 0.9472361809045227 13
1716910586515 0.9673366834170855 14
1716910586548 0.9798994974874372 15
1716910586580 0.9824120603015075 16
1716910586614 0.9798994974874372 17
1716910586649 0.9874371859296482 18
1716910586683 0.9899497487437185 19
1716910586716 0.9849246231155779 20
1716910586749 0.9899497487437185 21
1716910586783 0.9949748743718593 22
1716910586816 0.992462311557789 23
1716910586850 0.9849246231155779 24
1716910586880 0.9798994974874372 25
1716910586914 0.9849246231155779 26
1716910586949 0.992462311557789 27
1716910586982 0.9949748743718593 28
1716910587016 0.9949748743718593 29
1716910587050 0.9974874371859297 30
1716910587085 0.9849246231155779 31
1716910587119 0.9698492462311558 32
1716910587152 0.9899497487437185 33
1716910587188 0.9824120603015075 34
1716910587223 0.992462311557789 35
1716910587257 0.9974874371859297 36
1716910587290 0.9974874371859297 37
1716910587321 0.992462311557789 38
1716910587353 0.9824120603015075 39
1716910587386 0.9899497487437185 40
1716910587421 0.9723618090452262 41
1716910587454 0.9698492462311558 42
1716910587488 0.9773869346733668 43
1716910587521 0.9874371859296482 44
1716910587555 0.9899497487437185 45
1716910587590 0.9899497487437185 46
1716910587624 0.9874371859296482 47
1716910587657 0.9974874371859297 48
1716910587691 0.9949748743718593 49
1716910587724 0.9974874371859297 50
1716910587757 0.992462311557789 51
1716910587790 0.9874371859296482 52
1716910587825 0.9824120603015075 53
1716910587858 0.9748743718592965 54
1716910587892 0.9849246231155779 55
1716910587926 0.9723618090452262 56
1716910587959 0.992462311557789 57
1716910587993 0.9949748743718593 58
1716910588028 0.992462311557789 59
1716910588061 0.9949748743718593 60
1716910588095 0.9974874371859297 61
1716910588129 0.9974874371859297 62
1716910588163 0.9974874371859297 63
1716910588196 0.9874371859296482 64
1716910588231 0.9773869346733668 65
1716910588264 0.9874371859296482 66
1716910588297 0.9899497487437185 67
1716910588330 0.9949748743718593 68
1716910588364 0.9974874371859297 69
1716910588397 0.9974874371859297 70
1716910588432 0.9974874371859297 71
1716910588465 0.9849246231155779 72
1716910588498 0.9949748743718593 73
1716910588531 0.992462311557789 74
1716910588565 0.9899497487437185 75
1716910588598 0.992462311557789 76
1716910588632 0.9974874371859297 77
1716910588666 1.0 78
1716910588700 0.9899497487437185 79
1716910588733 0.9974874371859297 80
1716910588765 0.9949748743718593 81
1716910588799 0.9899497487437185 82
1716910588831 0.9974874371859297 83
1716910588864 0.9974874371859297 84
1716910588897 0.9949748743718593 85
1716910588930 0.9899497487437185 86
1716910588963 0.9874371859296482 87
1716910588994 0.9824120603015075 88
1716910589027 0.9949748743718593 89
1716910589061 0.9974874371859297 90
1716910589094 0.9949748743718593 91
1716910589128 0.9798994974874372 92
1716910589162 0.992462311557789 93
1716910589194 0.9949748743718593 94
1716910589228 0.9874371859296482 95
1716910589261 0.9949748743718593 96
1716910589294 0.992462311557789 97
1716910589328 0.992462311557789 98
1716910589361 0.9673366834170855 99
1716910589396 0.9874371859296482 100
1716910589430 0.992462311557789 101
1716910589463 1.0 102
1716910589497 0.9949748743718593 103
1716910589530 0.992462311557789 104
1716910589563 0.992462311557789 105
1716910589597 0.9874371859296482 106
1716910589630 0.9874371859296482 107
1716910589663 0.9849246231155779 108
1716910589697 0.9949748743718593 109
1716910589732 0.9824120603015075 110
1716910589763 0.9748743718592965 111
1716910589797 0.992462311557789 112
1716910589830 1.0 113
1716910589864 0.9949748743718593 114
1716910589898 0.9874371859296482 115
1716910589932 0.9974874371859297 116
1716910589966 0.9974874371859297 117
1716910590000 0.9899497487437185 118
1716910590033 0.9949748743718593 119
1716910590067 0.992462311557789 120
1716910590101 0.9874371859296482 121
1716910590134 0.9824120603015075 122
1716910590168 0.9874371859296482 123
1716910590202 0.9949748743718593 124
1716910590235 0.9949748743718593 125
1716910590268 0.9874371859296482 126
1716910590302 0.9748743718592965 127
1716910590334 0.9949748743718593 128
1716910590369 0.9949748743718593 129
1716910590402 0.9874371859296482 130
1716910590436 0.9899497487437185 131
1716910590469 0.9949748743718593 132
1716910590502 0.9974874371859297 133
1716910590535 1.0 134
1716910590569 0.9974874371859297 135
1716910590602 0.9974874371859297 136
1716910590637 1.0 137
1716910590671 1.0 138
1716910590704 0.9974874371859297 139
1716910590739 0.9974874371859297 140
1716910590771 0.9949748743718593 141
1716910590805 0.9974874371859297 142
1716910590838 1.0 143
1716910590872 0.9974874371859297 144
1716910590905 1.0 145
1716910590941 1.0 146
1716910590975 1.0 147
1716910591010 1.0 148
1716910591043 1.0 149
1716910591076 0.9974874371859297 150
1716910591109 0.9874371859296482 151
1716910591142 0.9899497487437185 152
1716910591176 0.992462311557789 153
1716910591209 0.9748743718592965 154
1716910591242 0.9974874371859297 155
1716910591276 0.9974874371859297 156
1716910591310 0.9974874371859297 157
1716910591343 0.9949748743718593 158
1716910591377 0.9849246231155779 159
1716910591410 0.9974874371859297 160
1716910591444 0.9974874371859297 161
1716910591477 0.9974874371859297 162
1716910591511 0.9949748743718593 163
1716910591544 0.9899497487437185 164
1716910591578 0.9798994974874372 165
1716910591611 0.992462311557789 166
1716910591645 0.992462311557789 167
1716910591678 0.9974874371859297 168
1716910591712 1.0 169
1716910591744 0.992462311557789 170
1716910591777 1.0 171
1716910591811 1.0 172
1716910591844 1.0 173
1716910591877 0.992462311557789 174
1716910591912 0.9974874371859297 175
1716910591945 0.992462311557789 176
1716910591978 0.9824120603015075 177
1716910592011 0.9949748743718593 178
1716910592044 0.992462311557789 179
1716910592077 0.9874371859296482 180
1716910592110 0.9899497487437185 181
1716910592143 1.0 182
1716910592180 0.992462311557789 183
1716910592213 1.0 184
1716910592246 0.9974874371859297 185
1716910592280 0.9824120603015075 186
1716910592313 1.0 187
1716910592347 1.0 188
1716910592380 0.9949748743718593 189
1716910592414 1.0 190
1716910592448 1.0 191
1716910592481 0.9974874371859297 192
1716910592513 0.9974874371859297 193
1716910592545 1.0 194
1716910592578 1.0 195
1716910592611 1.0 196
1716910592645 1.0 197
1716910592679 0.9949748743718593 198
1716910592712 0.9849246231155779 199
1716910592746 0.9974874371859297 200
1716910592780 0.9974874371859297 201
1716910592813 0.992462311557789 202
1716910592847 1.0 203
1716910592880 1.0 204
1716910592914 0.9974874371859297 205
1716910592947 1.0 206
1716910592981 1.0 207
1716910593014 0.9974874371859297 208
1716910593046 1.0 209
1716910593080 1.0 210
1716910593114 1.0 211
1716910593147 1.0 212
1716910593181 1.0 213
1716910593215 0.9899497487437185 214
1716910593248 0.9899497487437185 215
1716910593280 0.9949748743718593 216
1716910593314 0.9974874371859297 217
1716910593347 0.9974874371859297 218
1716910593381 0.9974874371859297 219
1716910593414 0.992462311557789 220
1716910593448 1.0 221
1716910593481 0.9949748743718593 222
1716910593515 0.9949748743718593 223
1716910593550 0.9824120603015075 224
1716910593583 0.992462311557789 225
1716910593616 0.992462311557789 226
1716910593650 0.9974874371859297 227
1716910593683 1.0 228
1716910593715 1.0 229
1716910593747 0.9949748743718593 230
1716910593781 0.9798994974874372 231
1716910593815 0.9949748743718593 232
1716910593848 1.0 233
1716910593881 1.0 234
1716910593915 1.0 235
1716910593949 0.9949748743718593 236
1716910593981 1.0 237
1716910594015 1.0 238
1716910594048 1.0 239
1716910594082 1.0 240
1716910594114 1.0 241
1716910594148 1.0 242
1716910594182 1.0 243
1716910594215 1.0 244
1716910594247 1.0 245
1716910594280 1.0 246
1716910594315 1.0 247
1716910594348 1.0 248
1716910594382 0.9974874371859297 249
1716910594415 1.0 250
