1716910586073 0.8253012048192772 1
1716910586108 0.9337748344370861 2
1716910586142 0.9459459459459459 3
1716910586178 0.9657534246575343 4
1716910586211 0.9600000000000001 5
1716910586244 0.9432624113475176 6
1716910586279 0.9491525423728814 7
1716910586312 0.9576547231270359 8
1716910586346 0.9591836734693876 9
1716910586381 0.9731543624161074 10
1716910586415 0.9616724738675958 11
1716910586449 0.9668874172185431 12
1716910586483 0.9252669039145909 13
1716910586516 0.9553264604810996 14
1716910586549 0.9724137931034482 15
1716910586581 0.9761092150170648 16
1716910586615 0.9733333333333333 17
1716910586650 0.9832775919732442 18
1716910586684 0.9864864864864865 19
1716910586717 0.9798657718120806 20
1716910586751 0.9864864864864865 21
1716910586784 0.9932885906040269 22
1716910586817 0.9898989898989898 23
1716910586851 0.9797297297297297 24
1716910586882 0.9736842105263157 25
1716910586915 0.9795918367346937 26
1716910586950 0.9898305084745762 27
1716910586983 0.9932885906040269 28
1716910587017 0.9932432432432432 29
1716910587051 0.9966555183946488 30
1716910587086 0.9797297297297297 31
1716910587120 0.959731543624161 32
1716910587153 0.9866666666666667 33
1716910587189 0.9764309764309763 34
1716910587224 0.9898305084745762 35
1716910587258 0.9966329966329966 36
1716910587291 0.9966329966329966 37
1716910587322 0.9898989898989898 38
1716910587354 0.9761092150170648 39
1716910587388 0.9864864864864865 40
1716910587422 0.9632107023411371 41
1716910587455 0.9583333333333334 42
1716910587489 0.9698996655518394 43
1716910587523 0.9831649831649831 44
1716910587557 0.9863945578231292 45
1716910587592 0.9864864864864865 46
1716910587625 0.9832775919732442 47
1716910587658 0.9966329966329966 48
1716910587692 0.9932432432432432 49
1716910587725 0.9966329966329966 50
1716910587758 0.9898989898989898 51
1716910587791 0.9832775919732442 52
1716910587826 0.9768976897689768 53
1716910587859 0.9657534246575343 54
1716910587893 0.9798657718120806 55
1716910587927 0.9619377162629759 56
1716910587960 0.9898305084745762 57
1716910587994 0.9933333333333334 58
1716910588029 0.9898305084745762 59
1716910588062 0.9932885906040269 60
1716910588096 0.9966329966329966 61
1716910588130 0.9966329966329966 62
1716910588164 0.9966329966329966 63
1716910588198 0.9831649831649831 64
1716910588232 0.9694915254237289 65
1716910588265 0.983050847457627 66
1716910588298 0.9863945578231292 67
1716910588332 0.9933333333333334 68
1716910588365 0.9966329966329966 69
1716910588399 0.9966329966329966 70
1716910588433 0.9966555183946488 71
1716910588466 0.9795918367346937 72
1716910588499 0.9933333333333334 73
1716910588532 0.9898305084745762 74
1716910588566 0.9864864864864865 75
1716910588600 0.9900332225913622 76
1716910588633 0.9966329966329966 77
1716910588667 1.0 78
1716910588701 0.9865771812080537 79
1716910588734 0.9966329966329966 80
1716910588766 0.9932432432432432 81
1716910588800 0.9865771812080537 82
1716910588832 0.9966555183946488 83
1716910588865 0.9966329966329966 84
1716910588898 0.9932885906040269 85
1716910588931 0.9863945578231292 86
1716910588965 0.9831649831649831 87
1716910588995 0.9767441860465117 88
1716910589028 0.9932885906040269 89
1716910589062 0.9966329966329966 90
1716910589096 0.9932432432432432 91
1716910589129 0.9736842105263157 92
1716910589163 0.9898305084745762 93
1716910589195 0.9932432432432432 94
1716910589230 0.9832775919732442 95
1716910589262 0.9932432432432432 96
1716910589295 0.9900332225913622 97
1716910589329 0.9899665551839465 98
1716910589363 0.9543859649122807 99
1716910589397 0.9832775919732442 100
1716910589431 0.9898989898989898 101
1716910589464 1.0 102
1716910589498 0.9933333333333334 103
1716910589531 0.9898305084745762 104
1716910589564 0.9898305084745762 105
1716910589598 0.9834983498349835 106
1716910589631 0.9831649831649831 107
1716910589664 0.9797297297297297 108
1716910589698 0.9932432432432432 109
1716910589733 0.9765886287625419 110
1716910589764 0.9655172413793103 111
1716910589798 0.9898305084745762 112
1716910589831 1.0 113
1716910589865 0.9932885906040269 114
1716910589899 0.983050847457627 115
1716910589933 0.9966329966329966 116
1716910589967 0.9966329966329966 117
1716910590001 0.9866666666666667 118
1716910590034 0.9932432432432432 119
1716910590068 0.9898989898989898 120
1716910590102 0.9833887043189369 121
1716910590135 0.9767441860465117 122
1716910590169 0.9832775919732442 123
1716910590203 0.9932885906040269 124
1716910590236 0.9932885906040269 125
1716910590269 0.9833887043189369 126
1716910590303 0.9671052631578947 127
1716910590335 0.9933333333333334 128
1716910590370 0.9932432432432432 129
1716910590403 0.9832775919732442 130
1716910590437 0.9864864864864865 131
1716910590470 0.9932432432432432 132
1716910590503 0.9966329966329966 133
1716910590537 1.0 134
1716910590570 0.9966329966329966 135
1716910590603 0.9966329966329966 136
1716910590638 1.0 137
1716910590672 1.0 138
1716910590705 0.9966329966329966 139
1716910590740 0.9966555183946488 140
1716910590773 0.9932432432432432 141
1716910590806 0.9966329966329966 142
1716910590840 1.0 143
1716910590873 0.9966555183946488 144
1716910590906 1.0 145
1716910590943 1.0 146
1716910590977 1.0 147
1716910591011 1.0 148
1716910591044 1.0 149
1716910591077 0.9966329966329966 150
1716910591110 0.9834983498349835 151
1716910591143 0.9863945578231292 152
1716910591177 0.9899665551839465 153
1716910591210 0.9673202614379084 154
1716910591244 0.9966555183946488 155
1716910591277 0.9966329966329966 156
1716910591311 0.9966329966329966 157
1716910591344 0.9932885906040269 158
1716910591378 0.9801324503311258 159
1716910591411 0.9966555183946488 160
1716910591445 0.9966555183946488 161
1716910591479 0.9966329966329966 162
1716910591512 0.9932885906040269 163
1716910591545 0.9865771812080537 164
1716910591579 0.9733333333333333 165
1716910591612 0.9899665551839465 166
1716910591646 0.9898305084745762 167
1716910591679 0.9966329966329966 168
1716910591713 1.0 169
1716910591746 0.9900332225913622 170
1716910591778 1.0 171
1716910591812 1.0 172
1716910591846 1.0 173
1716910591878 0.9899665551839465 174
1716910591913 0.9966329966329966 175
1716910591946 0.9899665551839465 176
1716910591979 0.9762711864406781 177
1716910592012 0.9932885906040269 178
1716910592046 0.9898305084745762 179
1716910592078 0.9831649831649831 180
1716910592111 0.9863945578231292 181
1716910592145 1.0 182
1716910592181 0.9898989898989898 183
1716910592214 1.0 184
1716910592247 0.9966329966329966 185
1716910592281 0.9768976897689768 186
1716910592314 1.0 187
1716910592348 1.0 188
1716910592381 0.9933333333333334 189
1716910592415 1.0 190
1716910592449 1.0 191
1716910592482 0.9966555183946488 192
1716910592514 0.9966329966329966 193
1716910592547 1.0 194
1716910592579 1.0 195
1716910592613 1.0 196
1716910592646 1.0 197
1716910592680 0.9933333333333334 198
1716910592713 0.9795918367346937 199
1716910592747 0.9966555183946488 200
1716910592781 0.9966555183946488 201
1716910592814 0.9899665551839465 202
1716910592848 1.0 203
1716910592881 1.0 204
1716910592915 0.9966329966329966 205
1716910592948 1.0 206
1716910592982 1.0 207
1716910593015 0.9966555183946488 208
1716910593047 1.0 209
1716910593081 1.0 210
1716910593115 1.0 211
1716910593148 1.0 212
1716910593182 1.0 213
1716910593216 0.9864864864864865 214
1716910593249 0.9867549668874172 215
1716910593281 0.9932885906040269 216
1716910593315 0.9966329966329966 217
1716910593348 0.9966555183946488 218
1716910593382 0.9966555183946488 219
1716910593415 0.9898989898989898 220
1716910593449 1.0 221
1716910593483 0.9933333333333334 222
1716910593516 0.9932432432432432 223
1716910593551 0.9768976897689768 224
1716910593584 0.9899665551839465 225
1716910593617 0.9898305084745762 226
1716910593651 0.9966555183946488 227
1716910593684 1.0 228
1716910593716 1.0 229
1716910593748 0.9933333333333334 230
1716910593782 0.9724137931034482 231
1716910593816 0.9933333333333334 232
1716910593849 1.0 233
1716910593882 1.0 234
1716910593916 1.0 235
1716910593950 0.9933333333333334 236
1716910593982 1.0 237
1716910594016 1.0 238
1716910594049 1.0 239
1716910594083 1.0 240
1716910594116 1.0 241
1716910594149 1.0 242
1716910594183 1.0 243
1716910594216 1.0 244
1716910594248 1.0 245
1716910594282 1.0 246
1716910594316 1.0 247
1716910594349 1.0 248
1716910594384 0.9966555183946488 249
1716910594416 1.0 250
