1716910586073 0.9194630872483222 1
1716910586108 0.9463087248322147 2
1716910586141 0.9395973154362416 3
1716910586177 0.9463087248322147 4
1716910586211 0.9664429530201343 5
1716910586244 0.8926174496644296 6
1716910586279 0.9395973154362416 7
1716910586312 0.9865771812080537 8
1716910586346 0.9463087248322147 9
1716910586380 0.9731543624161074 10
1716910586414 0.9261744966442953 11
1716910586448 0.9798657718120806 12
1716910586483 0.87248322147651 13
1716910586516 0.9328859060402684 14
1716910586548 0.9463087248322147 15
1716910586581 0.959731543624161 16
1716910586615 0.9798657718120806 17
1716910586650 0.9865771812080537 18
1716910586683 0.9798657718120806 19
1716910586717 0.9798657718120806 20
1716910586750 0.9798657718120806 21
1716910586784 0.9932885906040269 22
1716910586817 0.9865771812080537 23
1716910586850 0.9731543624161074 24
1716910586881 0.9932885906040269 25
1716910586915 0.9664429530201343 26
1716910586950 0.9798657718120806 27
1716910586983 0.9932885906040269 28
1716910587017 0.9865771812080537 29
1716910587051 1.0 30
1716910587086 0.9731543624161074 31
1716910587119 0.959731543624161 32
1716910587153 0.9932885906040269 33
1716910587189 0.9731543624161074 34
1716910587223 0.9798657718120806 35
1716910587257 0.9932885906040269 36
1716910587291 0.9932885906040269 37
1716910587322 0.9865771812080537 38
1716910587354 0.959731543624161 39
1716910587387 0.9798657718120806 40
1716910587421 0.9664429530201343 41
1716910587455 0.9261744966442953 42
1716910587489 0.9731543624161074 43
1716910587522 0.9798657718120806 44
1716910587556 0.9731543624161074 45
1716910587591 0.9798657718120806 46
1716910587625 0.9865771812080537 47
1716910587658 0.9932885906040269 48
1716910587691 0.9865771812080537 49
1716910587725 0.9932885906040269 50
1716910587758 0.9865771812080537 51
1716910587791 0.9865771812080537 52
1716910587826 0.9932885906040269 53
1716910587859 0.9463087248322147 54
1716910587893 0.9798657718120806 55
1716910587927 0.9328859060402684 56
1716910587960 0.9798657718120806 57
1716910587994 1.0 58
1716910588029 0.9798657718120806 59
1716910588062 0.9932885906040269 60
1716910588096 0.9932885906040269 61
1716910588130 0.9932885906040269 62
1716910588164 0.9932885906040269 63
1716910588197 0.9798657718120806 64
1716910588232 0.959731543624161 65
1716910588264 0.9731543624161074 66
1716910588298 0.9731543624161074 67
1716910588331 1.0 68
1716910588365 0.9932885906040269 69
1716910588398 0.9932885906040269 70
1716910588433 1.0 71
1716910588466 0.9664429530201343 72
1716910588499 1.0 73
1716910588532 0.9798657718120806 74
1716910588566 0.9798657718120806 75
1716910588599 1.0 76
1716910588633 0.9932885906040269 77
1716910588667 1.0 78
1716910588700 0.9865771812080537 79
1716910588733 0.9932885906040269 80
1716910588766 0.9865771812080537 81
1716910588799 0.9865771812080537 82
1716910588832 1.0 83
1716910588865 0.9932885906040269 84
1716910588898 0.9932885906040269 85
1716910588931 0.9731543624161074 86
1716910588964 0.9798657718120806 87
1716910588995 0.9865771812080537 88
1716910589028 0.9932885906040269 89
1716910589061 0.9932885906040269 90
1716910589095 0.9865771812080537 91
1716910589129 0.9932885906040269 92
1716910589162 0.9798657718120806 93
1716910589195 0.9865771812080537 94
1716910589229 0.9865771812080537 95
1716910589262 0.9865771812080537 96
1716910589295 1.0 97
1716910589329 0.9932885906040269 98
1716910589362 0.912751677852349 99
1716910589397 0.9865771812080537 100
1716910589431 0.9865771812080537 101
1716910589464 1.0 102
1716910589497 1.0 103
1716910589531 0.9798657718120806 104
1716910589564 0.9798657718120806 105
1716910589598 1.0 106
1716910589631 0.9798657718120806 107
1716910589664 0.9731543624161074 108
1716910589698 0.9865771812080537 109
1716910589732 0.9798657718120806 110
1716910589764 0.9395973154362416 111
1716910589798 0.9798657718120806 112
1716910589831 1.0 113
1716910589865 0.9932885906040269 114
1716910589899 0.9731543624161074 115
1716910589933 0.9932885906040269 116
1716910589967 0.9932885906040269 117
1716910590001 0.9932885906040269 118
1716910590034 0.9865771812080537 119
1716910590068 0.9865771812080537 120
1716910590102 0.9932885906040269 121
1716910590135 0.9865771812080537 122
1716910590169 0.9865771812080537 123
1716910590203 0.9932885906040269 124
1716910590235 0.9932885906040269 125
1716910590269 0.9932885906040269 126
1716910590302 0.9865771812080537 127
1716910590335 1.0 128
1716910590370 0.9865771812080537 129
1716910590403 0.9865771812080537 130
1716910590436 0.9798657718120806 131
1716910590469 0.9865771812080537 132
1716910590502 0.9932885906040269 133
1716910590536 1.0 134
1716910590570 0.9932885906040269 135
1716910590603 0.9932885906040269 136
1716910590638 1.0 137
1716910590672 1.0 138
1716910590704 0.9932885906040269 139
1716910590739 1.0 140
1716910590772 0.9865771812080537 141
1716910590806 0.9932885906040269 142
1716910590839 1.0 143
1716910590873 1.0 144
1716910590906 1.0 145
1716910590942 1.0 146
1716910590976 1.0 147
1716910591011 1.0 148
1716910591044 1.0 149
1716910591077 0.9932885906040269 150
1716910591110 1.0 151
1716910591143 0.9731543624161074 152
1716910591177 0.9932885906040269 153
1716910591210 0.9932885906040269 154
1716910591243 1.0 155
1716910591277 0.9932885906040269 156
1716910591311 0.9932885906040269 157
1716910591343 0.9932885906040269 158
1716910591378 0.9932885906040269 159
1716910591411 1.0 160
1716910591444 1.0 161
1716910591478 0.9932885906040269 162
1716910591512 0.9932885906040269 163
1716910591545 0.9865771812080537 164
1716910591579 0.9798657718120806 165
1716910591612 0.9932885906040269 166
1716910591646 0.9798657718120806 167
1716910591679 0.9932885906040269 168
1716910591712 1.0 169
1716910591745 1.0 170
1716910591778 1.0 171
1716910591812 1.0 172
1716910591845 1.0 173
1716910591878 0.9932885906040269 174
1716910591913 0.9932885906040269 175
1716910591946 0.9932885906040269 176
1716910591979 0.9664429530201343 177
1716910592012 0.9932885906040269 178
1716910592045 0.9798657718120806 179
1716910592078 0.9798657718120806 180
1716910592111 0.9731543624161074 181
1716910592144 1.0 182
1716910592181 0.9865771812080537 183
1716910592214 1.0 184
1716910592247 0.9932885906040269 185
1716910592281 0.9932885906040269 186
1716910592314 1.0 187
1716910592348 1.0 188
1716910592381 1.0 189
1716910592415 1.0 190
1716910592448 1.0 191
1716910592482 1.0 192
1716910592514 0.9932885906040269 193
1716910592546 1.0 194
1716910592579 1.0 195
1716910592612 1.0 196
1716910592646 1.0 197
1716910592680 1.0 198
1716910592713 0.9664429530201343 199
1716910592747 1.0 200
1716910592780 1.0 201
1716910592814 0.9932885906040269 202
1716910592848 1.0 203
1716910592881 1.0 204
1716910592915 0.9932885906040269 205
1716910592948 1.0 206
1716910592982 1.0 207
1716910593015 1.0 208
1716910593047 1.0 209
1716910593081 1.0 210
1716910593115 1.0 211
1716910593148 1.0 212
1716910593182 1.0 213
1716910593216 0.9798657718120806 214
1716910593249 1.0 215
1716910593281 0.9932885906040269 216
1716910593314 0.9932885906040269 217
1716910593348 1.0 218
1716910593382 1.0 219
1716910593415 0.9865771812080537 220
1716910593449 1.0 221
1716910593482 1.0 222
1716910593516 0.9865771812080537 223
1716910593550 0.9932885906040269 224
1716910593584 0.9932885906040269 225
1716910593617 0.9798657718120806 226
1716910593650 1.0 227
1716910593684 1.0 228
1716910593716 1.0 229
1716910593748 1.0 230
1716910593781 0.9463087248322147 231
1716910593815 1.0 232
1716910593849 1.0 233
1716910593882 1.0 234
1716910593916 1.0 235
1716910593950 1.0 236
1716910593982 1.0 237
1716910594016 1.0 238
1716910594049 1.0 239
1716910594082 1.0 240
1716910594115 1.0 241
1716910594148 1.0 242
1716910594182 1.0 243
1716910594216 1.0 244
1716910594248 1.0 245
1716910594281 1.0 246
1716910594316 1.0 247
1716910594349 1.0 248
1716910594383 1.0 249
1716910594416 1.0 250
