1716910586075 0.3761776068380901 1
1716910586110 0.15177452564239502 2
1716910586144 0.11345674629722323 3
1716910586179 0.07200186859284129 4
1716910586213 0.09248046417321477 5
1716910586246 0.1292256579867431 6
1716910586280 0.2075029087385961 7
1716910586314 0.08956689866525787 8
1716910586348 0.07084538494901997 9
1716910586382 0.144285738202078 10
1716910586416 0.08776149951985904 11
1716910586450 0.06780970389289516 12
1716910586485 0.22978076312158788 13
1716910586518 0.15116113876657827 14
1716910586550 0.10007856200848307 15
1716910586582 0.068636704236269 16
1716910586617 0.06544025375374726 17
1716910586652 0.06283482470150505 18
1716910586685 0.03170357744342515 19
1716910586719 0.026885358882801875 20
1716910586752 0.02340816254062312 21
1716910586786 0.02579995813513441 22
1716910586819 0.04856736745153155 23
1716910586852 0.047419000949178426 24
1716910586883 0.04761964308896235 25
1716910586917 0.0412838983216456 26
1716910586952 0.020619653764047792 27
1716910586984 0.02278806741482445 28
1716910587019 0.015524998207443528 29
1716910587053 0.009901486237400345 30
1716910587087 0.034336650145373175 31
1716910587121 0.048547426770840375 32
1716910587155 0.023994533544672385 33
1716910587191 0.06269950359793645 34
1716910587226 0.03123318064691765 35
1716910587259 0.02025927443589483 36
1716910587293 0.023615690546908548 37
1716910587323 0.035232327678906064 38
1716910587355 0.06254046403669886 39
1716910587389 0.033411862062556405 40
1716910587423 0.22396600831832206 41
1716910587457 0.0899544432759285 42
1716910587491 0.06691673238362585 43
1716910587524 0.039594447439802546 44
1716910587558 0.03103473875671625 45
1716910587593 0.023097661789506674 46
1716910587627 0.042299599652843814 47
1716910587659 0.012969913892447948 48
1716910587694 0.013463952877957906 49
1716910587727 0.010519642449383224 50
1716910587759 0.01628851005807519 51
1716910587793 0.06446605513338 52
1716910587828 0.06682464373963219 53
1716910587861 0.0682492143075381 54
1716910587895 0.09971761849841901 55
1716910587928 0.07796738855540752 56
1716910587962 0.10108335083350539 57
1716910587996 0.05262194148131779 58
1716910588031 0.04214497456060989 59
1716910588064 0.017238768549369916 60
1716910588098 0.01163946178608707 61
1716910588132 0.012863055619943355 62
1716910588166 0.00901606589156602 63
1716910588199 0.1584700413846544 64
1716910588234 0.05069585211042847 65
1716910588266 0.0335917086340487 66
1716910588300 0.03315978004996266 67
1716910588333 0.01640888982053314 68
1716910588367 0.010216706066525407 69
1716910588400 0.006150961620733142 70
1716910588434 0.004795083959054734 71
1716910588468 0.146478294278495 72
1716910588501 0.036140267071979384 73
1716910588534 0.025559594788189446 74
1716910588568 0.03934121040427791 75
1716910588601 0.013604352450264352 76
1716910588635 0.023982377124152014 77
1716910588668 0.006357833443741713 78
1716910588702 0.018210485627475594 79
1716910588735 0.010201468032651715 80
1716910588768 0.00955106136721692 81
1716910588801 0.10681324081295836 82
1716910588834 0.022175692287938937 83
1716910588867 0.013951049385858434 84
1716910588900 0.02201779988328261 85
1716910588933 0.04465518891811371 86
1716910588966 0.09531313553452492 87
1716910588996 0.05583030211606196 88
1716910589030 0.018250176550022194 89
1716910589063 0.014622903661802411 90
1716910589097 0.10000377901763256 91
1716910589131 0.07349614293447562 92
1716910589164 0.022301060812813894 93
1716910589197 0.012934792886621185 94
1716910589231 0.05471377716665821 95
1716910589263 0.0187700068511601 96
1716910589297 0.01390923755908651 97
1716910589331 0.12349334951224071 98
1716910589364 0.14297679997980595 99
1716910589399 0.04138723002480609 100
1716910589433 0.02403336956298777 101
1716910589466 0.006551753629797271 102
1716910589499 0.023650009018768157 103
1716910589532 0.03976022222611521 104
1716910589566 0.13029654397230064 105
1716910589599 0.03138321381993592 106
1716910589633 0.0674105337488332 107
1716910589666 0.05366465342896325 108
1716910589700 0.021957209067685262 109
1716910589734 0.15082205379647867 110
1716910589766 0.0741493916804237 111
1716910589800 0.018763041456363032 112
1716910589833 0.007369094395211765 113
1716910589867 0.030435881643955196 114
1716910589901 0.09822768638176578 115
1716910589935 0.013531025765197617 116
1716910589969 0.045010382608909695 117
1716910590003 0.026696331832291826 118
1716910590036 0.019582117974225963 119
1716910590070 0.03365987323091498 120
1716910590104 0.035377552533256154 121
1716910590137 0.032414358375327926 122
1716910590171 0.02985459579420941 123
1716910590205 0.012868927758453148 124
1716910590237 0.025267979412871813 125
1716910590271 0.05665634981622653 126
1716910590304 0.05909384487728987 127
1716910590337 0.017057681190116063 128
1716910590372 0.09992764461120325 129
1716910590405 0.07047603465616703 130
1716910590438 0.02415172236838511 131
1716910590471 0.0203239066925432 132
1716910590504 0.006565459904127887 133
1716910590538 0.010621927678585052 134
1716910590572 0.005580948133553777 135
1716910590605 0.006308982448120203 136
1716910590640 0.0024666653646688375 137
1716910590674 0.0031165011459961534 138
1716910590706 0.00641161494422704 139
1716910590741 0.013518101319537632 140
1716910590774 0.01630156660186393 141
1716910590807 0.011994593298628129 142
1716910590841 0.0030784456674674793 143
1716910590875 0.0057596244441810995 144
1716910590908 0.004207137880647289 145
1716910590944 0.0011191931262146682 146
1716910590978 0.001203676195083452 147
1716910591013 0.001120560839938532 148
1716910591046 0.0007115559793809163 149
1716910591079 0.01856842607542473 150
1716910591112 0.040634584588198255 151
1716910591145 0.05469953706986936 152
1716910591179 0.03474603107731257 153
1716910591212 0.08932582422026566 154
1716910591245 0.01869310674789761 155
1716910591279 0.012725931226408907 156
1716910591313 0.017268352476613864 157
1716910591345 0.035092501052921374 158
1716910591380 0.04496048720154379 159
1716910591413 0.0073806621699727005 160
1716910591446 0.010375867897112454 161
1716910591480 0.011317154924784387 162
1716910591514 0.0108424687558519 163
1716910591547 0.07796830750469651 164
1716910591581 0.05094446667603084 165
1716910591614 0.028108735252836987 166
1716910591647 0.01782067454353507 167
1716910591681 0.005365965023104634 168
1716910591714 0.00477067958230951 169
1716910591747 0.0284396403835022 170
1716910591780 0.010640036663971841 171
1716910591814 0.0065215259757159015 172
1716910591847 0.0033079266182280014 173
1716910591880 0.011718134312624378 174
1716910591914 0.011010336772804814 175
1716910591948 0.1459830373558881 176
1716910591981 0.07577401958405972 177
1716910592013 0.0639757578859904 178
1716910592047 0.022289956653756753 179
1716910592080 0.04541240419660296 180
1716910592112 0.028933274060753838 181
1716910592147 0.004923163131544632 182
1716910592182 0.01463292702101171 183
1716910592216 0.007631282621462431 184
1716910592249 0.052317907850790234 185
1716910592283 0.0382419985585979 186
1716910592316 0.00492607250011393 187
1716910592350 0.006063530121796897 188
1716910592383 0.013038228864648513 189
1716910592417 0.002195298671722412 190
1716910592450 0.002176682572878365 191
1716910592484 0.012173371406139008 192
1716910592515 0.009837818855885416 193
1716910592548 0.00906582863535732 194
1716910592580 0.003517356884133603 195
1716910592614 0.0038602626050955485 196
1716910592648 0.00919448838768793 197
1716910592682 0.031951136803919714 198
1716910592715 0.03202460596470961 199
1716910592749 0.00898515951952764 200
1716910592782 0.010003001861540335 201
1716910592816 0.02112114555867655 202
1716910592850 0.006988032720983028 203
1716910592883 0.0023370006321264164 204
1716910592917 0.007564693967911548 205
1716910592950 0.0012903158286852495 206
1716910592984 0.0019799314655496608 207
1716910593017 0.00565534968128694 208
1716910593049 0.0014623247261624783 209
1716910593082 0.0017770337830630264 210
1716910593117 0.0006450943515769073 211
1716910593150 0.002415620019227 212
1716910593184 0.0006078237742518208 213
1716910593218 0.03243896908160033 214
1716910593251 0.043716257654263506 215
1716910593283 0.022000122358024652 216
1716910593316 0.010930067227621163 217
1716910593350 0.008844068664724805 218
1716910593384 0.009771418325336916 219
1716910593417 0.013495135495239603 220
1716910593451 0.0024649614185493973 221
1716910593484 0.017936722924267606 222
1716910593518 0.07650803372130863 223
1716910593552 0.04507640261934804 224
1716910593586 0.031341233024639745 225
1716910593619 0.021025580969373032 226
1716910593652 0.009544568510526525 227
1716910593686 0.004205252542825682 228
1716910593718 0.0029097024318096893 229
1716910593750 0.06338344927644357 230
1716910593783 0.054969599204404015 231
1716910593817 0.022289621144799248 232
1716910593851 0.002525951014831662 233
1716910593884 0.0027968639291689862 234
1716910593918 0.0016701931932142802 235
1716910593952 0.01417664424349953 236
1716910593984 0.0024751306544723256 237
1716910594017 0.0017756491849598075 238
1716910594051 0.002107460525751646 239
1716910594084 0.0008803758662127491 240
1716910594117 0.0008484446859386351 241
1716910594150 0.0009711446639682565 242
1716910594184 0.0011297088515545642 243
1716910594218 0.0013968532189859875 244
1716910594250 0.0039749540322061095 245
1716910594283 0.0021395779289637823 246
1716910594318 0.0006617077368511153 247
1716910594351 0.004624886972513715 248
1716910594385 0.006557250572119041 249
1716910594418 0.0009802765998756513 250
