1716907829530 0.7551020408163265 1
1716907829571 0.9421965317919075 2
1716907829608 0.9111111111111111 3
1716907829644 0.9704142011834319 4
1716907829680 0.9938271604938271 5
1716907829714 0.9526627218934911 6
1716907829749 0.9580838323353293 7
1716907829783 0.9763313609467456 8
1716907829818 0.9759036144578314 9
1716907829855 0.9152542372881356 10
1716907829891 0.9938650306748467 11
1716907829926 0.9408284023668639 12
1716907829961 0.9375 13
1716907829996 0.9016393442622951 14
1716907830031 0.9707602339181286 15
1716907830066 0.9763313609467456 16
1716907830101 0.9707602339181286 17
1716907830137 0.9878787878787879 18
1716907830171 0.9595375722543352 19
1716907830206 0.9940476190476191 20
1716907830243 1.0 21
1716907830278 0.9880239520958084 22
1716907830313 1.0 23
1716907830349 0.9821428571428571 24
1716907830384 1.0 25
1716907830418 0.9766081871345029 26
1716907830454 0.9457831325301205 27
1716907830490 0.953757225433526 28
1716907830525 0.9540229885057471 29
1716907830561 0.9485714285714286 30
1716907830596 0.9515151515151515 31
1716907830631 0.9880239520958084 32
1716907830666 0.9385474860335196 33
1716907830702 0.9819277108433735 34
1716907830737 1.0 35
1716907830771 0.9881656804733728 36
1716907830807 0.9939393939393939 37
1716907830842 1.0 38
1716907830878 0.9702380952380952 39
1716907830914 0.9590643274853801 40
1716907830948 0.9705882352941176 41
1716907830984 0.9939024390243902 42
1716907831018 1.0 43
1716907831053 1.0 44
1716907831090 0.9880239520958084 45
1716907831126 1.0 46
1716907831161 0.9821428571428571 47
1716907831197 0.9823529411764705 48
1716907831232 0.9939393939393939 49
1716907831267 0.9880952380952381 50
1716907831303 1.0 51
1716907831338 0.9764705882352941 52
1716907831373 1.0 53
1716907831409 0.9388888888888889 54
1716907831444 1.0 55
1716907831480 0.9881656804733728 56
1716907831515 1.0 57
1716907831551 0.9760479041916168 58
1716907831586 0.9764705882352941 59
1716907831622 1.0 60
1716907831657 1.0 61
1716907831694 1.0 62
1716907831730 0.9940828402366864 63
1716907831766 1.0 64
1716907831803 0.9766081871345029 65
1716907831840 1.0 66
1716907831875 0.9764705882352941 67
1716907831911 1.0 68
1716907831948 0.9940476190476191 69
1716907831984 0.9883040935672515 70
1716907832019 0.9824561403508771 71
1716907832055 1.0 72
1716907832091 1.0 73
1716907832125 0.9940119760479041 74
1716907832163 1.0 75
1716907832199 1.0 76
1716907832234 1.0 77
1716907832270 0.9941176470588236 78
1716907832307 1.0 79
1716907832344 1.0 80
1716907832381 0.9940476190476191 81
1716907832417 0.9941176470588236 82
1716907832455 0.9878787878787879 83
1716907832492 0.9824561403508771 84
1716907832528 1.0 85
1716907832565 0.9491525423728814 86
1716907832600 0.9655172413793104 87
1716907832635 0.9940476190476191 88
1716907832670 0.9824561403508771 89
1716907832709 1.0 90
1716907832751 0.9940828402366864 91
1716907832787 1.0 92
1716907832824 1.0 93
1716907832860 1.0 94
1716907832894 0.9709302325581395 95
1716907832930 0.9542857142857143 96
1716907832966 1.0 97
1716907833000 1.0 98
1716907833036 1.0 99
1716907833071 0.9940828402366864 100
