1716907829531 0.810958904109589 1
1716907829571 0.9532163742690059 2
1716907829608 0.9398280802292264 3
1716907829645 0.9704142011834319 4
1716907829680 0.972809667673716 5
1716907829715 0.9526627218934911 6
1716907829749 0.9523809523809524 7
1716907829784 0.9763313609467456 8
1716907829819 0.9671641791044776 9
1716907829856 0.9364161849710982 10
1716907829891 0.9759036144578314 11
1716907829927 0.9408284023668639 12
1716907829962 0.9565217391304348 13
1716907829996 0.9375 14
1716907830031 0.9764705882352941 15
1716907830066 0.9763313609467456 16
1716907830102 0.9764705882352941 17
1716907830137 0.9760479041916168 18
1716907830172 0.9707602339181286 19
1716907830206 0.9910979228486648 20
1716907830244 0.9880239520958084 21
1716907830278 0.9821428571428571 22
1716907830313 0.9940476190476192 23
1716907830350 0.9792284866468843 24
1716907830384 0.9910447761194029 25
1716907830419 0.9823529411764705 26
1716907830455 0.937313432835821 27
1716907830491 0.9649122807017545 28
1716907830526 0.967930029154519 29
1716907830562 0.9651162790697676 30
1716907830597 0.9401197604790419 31
1716907830632 0.9821428571428571 32
1716907830667 0.9655172413793103 33
1716907830703 0.973134328358209 34
1716907830738 0.9880239520958084 35
1716907830772 0.9881656804733728 36
1716907830807 0.9820359281437127 37
1716907830842 0.9849849849849849 38
1716907830878 0.967359050445104 39
1716907830914 0.9647058823529411 40
1716907830949 0.9734513274336284 41
1716907830984 0.978978978978979 42
1716907831019 0.9757575757575757 43
1716907831054 0.9819277108433735 44
1716907831090 0.9821428571428571 45
1716907831126 0.9695121951219512 46
1716907831162 0.9792284866468843 47
1716907831198 0.9852507374631269 48
1716907831233 0.9820359281437127 49
1716907831268 0.9851632047477745 50
1716907831304 0.9910447761194029 51
1716907831339 0.9793510324483775 52
1716907831373 0.9910447761194029 53
1716907831409 0.9684813753581661 54
1716907831445 0.9970326409495549 55
1716907831481 0.9881656804733728 56
1716907831516 0.9726443768996961 57
1716907831552 0.9702380952380952 58
1716907831587 0.9793510324483775 59
1716907831623 0.9757575757575757 60
1716907831658 0.9880239520958084 61
1716907831694 0.9940476190476192 62
1716907831731 0.9940828402366864 63
1716907831767 0.9788519637462235 64
1716907831804 0.9823529411764705 65
1716907831840 0.9695121951219512 66
1716907831876 0.9793510324483775 67
1716907831912 0.9788519637462235 68
1716907831949 0.9910979228486648 69
1716907831984 0.9941176470588234 70
1716907832020 0.988235294117647 71
1716907832055 0.9970326409495549 72
1716907832092 0.9970326409495549 73
1716907832126 0.988095238095238 74
1716907832164 0.9970326409495549 75
1716907832199 0.9970326409495549 76
1716907832234 0.9970326409495549 77
1716907832270 0.9970501474926253 78
1716907832308 0.9880239520958084 79
1716907832345 0.9940476190476192 80
1716907832382 0.9910979228486648 81
1716907832418 0.9970501474926253 82
1716907832455 0.9760479041916168 83
1716907832493 0.988235294117647 84
1716907832529 0.9757575757575757 85
1716907832565 0.9710982658959538 86
1716907832601 0.979591836734694 87
1716907832636 0.9910979228486648 88
1716907832671 0.988235294117647 89
1716907832709 1.0 90
1716907832751 0.9940828402366864 91
1716907832788 0.9880239520958084 92
1716907832825 0.9940476190476192 93
1716907832861 0.9910447761194029 94
1716907832894 0.9794721407624634 95
1716907832930 0.9709302325581396 96
1716907832966 0.9849849849849849 97
1716907833000 0.9970326409495549 98
1716907833037 0.9970326409495549 99
1716907833072 0.9940828402366864 100
