1716907829530 0.8757396449704142 1
1716907829571 0.9644970414201184 2
1716907829608 0.9704142011834319 3
1716907829644 0.9704142011834319 4
1716907829680 0.9526627218934911 5
1716907829715 0.9526627218934911 6
1716907829749 0.9467455621301775 7
1716907829784 0.9763313609467456 8
1716907829819 0.9585798816568047 9
1716907829856 0.9585798816568047 10
1716907829891 0.9585798816568047 11
1716907829927 0.9408284023668639 12
1716907829962 0.9763313609467456 13
1716907829996 0.9763313609467456 14
1716907830031 0.9822485207100592 15
1716907830066 0.9763313609467456 16
1716907830102 0.9822485207100592 17
1716907830137 0.9644970414201184 18
1716907830172 0.9822485207100592 19
1716907830206 0.9881656804733728 20
1716907830243 0.9763313609467456 21
1716907830278 0.9763313609467456 22
1716907830313 0.9881656804733728 23
1716907830349 0.9763313609467456 24
1716907830384 0.9822485207100592 25
1716907830419 0.9881656804733728 26
1716907830455 0.9289940828402367 27
1716907830490 0.9763313609467456 28
1716907830525 0.9822485207100592 29
1716907830561 0.9822485207100592 30
1716907830597 0.9289940828402367 31
1716907830631 0.9763313609467456 32
1716907830667 0.9940828402366864 33
1716907830703 0.9644970414201184 34
1716907830738 0.9763313609467456 35
1716907830772 0.9881656804733728 36
1716907830807 0.9704142011834319 37
1716907830842 0.9704142011834319 38
1716907830878 0.9644970414201184 39
1716907830914 0.9704142011834319 40
1716907830949 0.9763313609467456 41
1716907830984 0.9644970414201184 42
1716907831018 0.9526627218934911 43
1716907831053 0.9644970414201184 44
1716907831090 0.9763313609467456 45
1716907831126 0.9408284023668639 46
1716907831161 0.9763313609467456 47
1716907831197 0.9881656804733728 48
1716907831233 0.9704142011834319 49
1716907831268 0.9822485207100592 50
1716907831304 0.9822485207100592 51
1716907831338 0.9822485207100592 52
1716907831373 0.9822485207100592 53
1716907831409 1.0 54
1716907831445 0.9940828402366864 55
1716907831480 0.9881656804733728 56
1716907831515 0.9467455621301775 57
1716907831551 0.9644970414201184 58
1716907831586 0.9822485207100592 59
1716907831622 0.9526627218934911 60
1716907831658 0.9763313609467456 61
1716907831694 0.9881656804733728 62
1716907831730 0.9940828402366864 63
1716907831766 0.9585798816568047 64
1716907831804 0.9881656804733728 65
1716907831840 0.9408284023668639 66
1716907831876 0.9822485207100592 67
1716907831911 0.9585798816568047 68
1716907831948 0.9881656804733728 69
1716907831984 1.0 70
1716907832019 0.9940828402366864 71
1716907832055 0.9940828402366864 72
1716907832091 0.9940828402366864 73
1716907832126 0.9822485207100592 74
1716907832164 0.9940828402366864 75
1716907832199 0.9940828402366864 76
1716907832234 0.9940828402366864 77
1716907832270 1.0 78
1716907832307 0.9763313609467456 79
1716907832345 0.9881656804733728 80
1716907832381 0.9881656804733728 81
1716907832418 1.0 82
1716907832455 0.9644970414201184 83
1716907832492 0.9940828402366864 84
1716907832529 0.9526627218934911 85
1716907832565 0.9940828402366864 86
1716907832600 0.9940828402366864 87
1716907832636 0.9881656804733728 88
1716907832671 0.9940828402366864 89
1716907832709 1.0 90
1716907832751 0.9940828402366864 91
1716907832788 0.9763313609467456 92
1716907832825 0.9881656804733728 93
1716907832861 0.9822485207100592 94
1716907832894 0.9881656804733728 95
1716907832930 0.9881656804733728 96
1716907832966 0.9704142011834319 97
1716907833000 0.9940828402366864 98
1716907833036 0.9940828402366864 99
1716907833072 0.9940828402366864 100
