1716907829533 0.3807538039982319 1
1716907829573 0.15977321891114116 2
1716907829610 0.15487503306940198 3
1716907829646 0.07039918750524521 4
1716907829682 0.06328749074600637 5
1716907829717 0.2866758513264358 6
1716907829751 0.09224343090318143 7
1716907829786 0.053958741831593215 8
1716907829821 0.07428387110121548 9
1716907829858 0.15419984248001128 10
1716907829893 0.1266328333877027 11
1716907829929 0.15900817140936852 12
1716907829964 0.15588739654049277 13
1716907829998 0.16605371050536633 14
1716907830033 0.26495750481262803 15
1716907830068 0.2361017526127398 16
1716907830104 0.07566332584246993 17
1716907830139 0.12461565062403679 18
1716907830174 0.07651794631965458 19
1716907830208 0.09751529642380774 20
1716907830246 0.03432185167912394 21
1716907830280 0.051250053802505136 22
1716907830315 0.02808849886059761 23
1716907830351 0.05636551056522876 24
1716907830386 0.044186246290337294 25
1716907830421 0.07115318102296442 26
1716907830456 0.13086772873066366 27
1716907830492 0.13237037020735443 28
1716907830528 0.07790651288814843 29
1716907830563 0.2776752846548334 30
1716907830599 0.12068336782976985 31
1716907830633 0.0891725099645555 32
1716907830669 0.21881322097033262 33
1716907830705 0.08135743765160441 34
1716907830740 0.038362945429980755 35
1716907830774 0.06827859836630523 36
1716907830809 0.09760502481367439 37
1716907830844 0.04214705154299736 38
1716907830880 0.10034061851911247 39
1716907830916 0.07759605592582375 40
1716907830951 0.04317415913101286 41
1716907830986 0.06736309756524861 42
1716907831020 0.06720354978460819 43
1716907831056 0.168678916990757 44
1716907831092 0.05424076784402132 45
1716907831128 0.07909966073930264 46
1716907831164 0.0334145623492077 47
1716907831200 0.231270446034614 48
1716907831235 0.056528891203925014 49
1716907831270 0.049744734656997025 50
1716907831306 0.022840670484583825 51
1716907831340 0.03695793653605506 52
1716907831375 0.07125269289826974 53
1716907831411 0.04549097490962595 54
1716907831447 0.018459926242940128 55
1716907831482 0.06683673255611211 56
1716907831518 0.0674875185941346 57
1716907831553 0.060592022724449635 58
1716907831588 0.06800411432050169 59
1716907831624 0.054030573985073715 60
1716907831660 0.02368853345979005 61
1716907831696 0.014102704735705629 62
1716907831732 0.033103385008871555 63
1716907831769 0.04500357387587428 64
1716907831806 0.06993911491008475 65
1716907831842 0.07761637400835752 66
1716907831878 0.06029086047783494 67
1716907831914 0.04877371178008616 68
1716907831950 0.047403578995727 69
1716907831986 0.01716725528240204 70
1716907832021 0.02859351280494593 71
1716907832057 0.013143689691787586 72
1716907832093 0.01575932712876238 73
1716907832128 0.021886772985453717 74
1716907832166 0.0049975776055362076 75
1716907832201 0.00955225971119944 76
1716907832236 0.0053165488643571734 77
1716907832272 0.0198866868740879 78
1716907832309 0.0412083727424033 79
1716907832347 0.012407803355017677 80
1716907832383 0.022540944322827272 81
1716907832420 0.2216976054769475 82
1716907832457 0.051473206956870854 83
1716907832495 0.19727470760699362 84
1716907832531 0.08523348579183221 85
1716907832567 0.0597969040973112 86
1716907832602 0.052865368546918035 87
1716907832638 0.02218809037003666 88
1716907832673 0.02070059481775388 89
1716907832711 0.006953965697903186 90
1716907832753 0.036697844916488975 91
1716907832790 0.039743739616824314 92
1716907832827 0.025591237645130605 93
1716907832863 0.14970965957036242 94
1716907832896 0.1172194053651765 95
1716907832932 0.10682780994102359 96
1716907832968 0.04642938694451004 97
1716907833002 0.019321558065712452 98
1716907833038 0.016473633819259703 99
1716907833074 0.062098102003801614 100
