1716907829529 0.8483516483516483 1
1716907829570 0.9648351648351648 2
1716907829607 0.9538461538461539 3
1716907829643 0.978021978021978 4
1716907829679 0.9802197802197802 5
1716907829714 0.9648351648351648 6
1716907829748 0.9648351648351648 7
1716907829783 0.9824175824175824 8
1716907829818 0.9758241758241758 9
1716907829855 0.9516483516483516 10
1716907829890 0.9824175824175824 11
1716907829926 0.9560439560439561 12
1716907829961 0.967032967032967 13
1716907829995 0.9516483516483516 14
1716907830030 0.9824175824175824 15
1716907830065 0.9824175824175824 16
1716907830101 0.9824175824175824 17
1716907830136 0.9824175824175824 18
1716907830171 0.978021978021978 19
1716907830205 0.9934065934065934 20
1716907830242 0.9912087912087912 21
1716907830277 0.9868131868131869 22
1716907830312 0.9956043956043956 23
1716907830348 0.9846153846153847 24
1716907830383 0.9934065934065934 25
1716907830418 0.9868131868131869 26
1716907830454 0.9538461538461539 27
1716907830490 0.9736263736263736 28
1716907830525 0.9758241758241758 29
1716907830560 0.9736263736263736 30
1716907830596 0.9560439560439561 31
1716907830630 0.9868131868131869 32
1716907830666 0.9736263736263736 33
1716907830702 0.9802197802197802 34
1716907830737 0.9912087912087912 35
1716907830771 0.9912087912087912 36
1716907830806 0.9868131868131869 37
1716907830841 0.989010989010989 38
1716907830877 0.9758241758241758 39
1716907830913 0.9736263736263736 40
1716907830948 0.9802197802197802 41
1716907830983 0.9846153846153847 42
1716907831018 0.9824175824175824 43
1716907831053 0.9868131868131869 44
1716907831089 0.9868131868131869 45
1716907831125 0.978021978021978 46
1716907831160 0.9846153846153847 47
1716907831197 0.989010989010989 48
1716907831232 0.9868131868131869 49
1716907831267 0.989010989010989 50
1716907831303 0.9934065934065934 51
1716907831338 0.9846153846153847 52
1716907831372 0.9934065934065934 53
1716907831408 0.9758241758241758 54
1716907831444 0.9978021978021978 55
1716907831479 0.9912087912087912 56
1716907831514 0.9802197802197802 57
1716907831550 0.978021978021978 58
1716907831585 0.9846153846153847 59
1716907831621 0.9824175824175824 60
1716907831657 0.9912087912087912 61
1716907831693 0.9956043956043956 62
1716907831730 0.9956043956043956 63
1716907831765 0.9846153846153847 64
1716907831803 0.9868131868131869 65
1716907831839 0.978021978021978 66
1716907831875 0.9846153846153847 67
1716907831910 0.9846153846153847 68
1716907831948 0.9934065934065934 69
1716907831983 0.9956043956043956 70
1716907832018 0.9912087912087912 71
1716907832054 0.9978021978021978 72
1716907832090 0.9978021978021978 73
1716907832125 0.9912087912087912 74
1716907832163 0.9978021978021978 75
1716907832198 0.9978021978021978 76
1716907832233 0.9978021978021978 77
1716907832269 0.9978021978021978 78
1716907832307 0.9912087912087912 79
1716907832344 0.9956043956043956 80
1716907832381 0.9934065934065934 81
1716907832417 0.9978021978021978 82
1716907832454 0.9824175824175824 83
1716907832491 0.9912087912087912 84
1716907832528 0.9824175824175824 85
1716907832564 0.978021978021978 86
1716907832600 0.9846153846153847 87
1716907832635 0.9934065934065934 88
1716907832670 0.9912087912087912 89
1716907832708 1.0 90
1716907832750 0.9956043956043956 91
1716907832787 0.9912087912087912 92
1716907832824 0.9956043956043956 93
1716907832860 0.9934065934065934 94
1716907832893 0.9846153846153847 95
1716907832929 0.978021978021978 96
1716907832965 0.989010989010989 97
1716907832999 0.9978021978021978 98
1716907833035 0.9978021978021978 99
1716907833071 0.9956043956043956 100
