1716909130362 0.323255398443767 1
1716909130397 0.10787925443478993 2
1716909130431 0.12927873113325664 3
1716909130467 0.07186322233506612 4
1716909130502 0.055010429716535976 5
1716909130535 0.07544358553630966 6
1716909130571 0.03863378121916737 7
1716909130605 0.13209648190864495 8
1716909130638 0.07862138814691987 9
1716909130673 0.03459536111248391 10
1716909130707 0.039795696602336 11
1716909130740 0.05144624092749187 12
1716909130772 0.046142066828906536 13
1716909130806 0.03825771635664361 14
1716909130840 0.09367259631731681 15
1716909130874 0.07820788424994264 16
1716909130907 0.06273641756602696 17
1716909130941 0.0341990560825382 18
1716909130975 0.062450033479503224 19
1716909131009 0.1225735954940319 20
1716909131043 0.045272055946822674 21
1716909131076 0.0572681725025177 22
1716909131110 0.034501127166939635 23
1716909131145 0.03070408827625215 24
1716909131178 0.09874622749962977 25
1716909131213 0.04543872756351318 26
1716909131247 0.03216243362320321 27
1716909131280 0.05573858294103827 28
1716909131314 0.08872477294478033 29
1716909131348 0.06545948509925179 30
1716909131381 0.03608231073511498 31
1716909131415 0.05558624318135636 32
1716909131450 0.04216881335846016 33
1716909131484 0.08856141088264328 34
1716909131517 0.03994778211095503 35
1716909131551 0.02641771999852998 36
1716909131585 0.0238984561126147 37
1716909131619 0.07827414043380745 38
1716909131653 0.07367706937449318 39
1716909131687 0.06185265736920493 40
1716909131721 0.04834868027163403 41
1716909131754 0.05117594464016812 42
1716909131789 0.06028412615082094 43
1716909131822 0.030524173884519508 44
1716909131857 0.022739839806620563 45
1716909131890 0.01760205247306398 46
1716909131924 0.16070857996653234 47
1716909131958 0.08085409205939088 48
1716909131992 0.015564487182668276 49
1716909132026 0.012229891527178032 50
1716909132060 0.013045276215832149 51
1716909132093 0.017598629563248584 52
1716909132127 0.05194997977066253 53
1716909132161 0.033981850636856895 54
1716909132195 0.00560455779278917 55
1716909132229 0.007640464813448489 56
1716909132264 0.08256930615087706 57
1716909132298 0.1492673810571432 58
1716909132333 0.08163588254579476 59
1716909132366 0.03943539976275393 60
1716909132400 0.01667003719402211 61
1716909132435 0.00827160510899765 62
1716909132470 0.004641367521669183 63
1716909132503 0.006278934439511171 64
1716909132536 0.009292569776464785 65
1716909132570 0.020580297568812966 66
1716909132603 0.02485062210221908 67
1716909132638 0.01911823033255392 68
1716909132671 0.015346979539442276 69
1716909132703 0.01962225072618042 70
1716909132737 0.002703783318533429 71
1716909132771 0.00462205772886851 72
1716909132804 0.042095810790280144 73
1716909132839 0.02033459857505347 74
1716909132873 0.04189501400105655 75
1716909132906 0.09824348227786166 76
1716909132939 0.03896340305384781 77
1716909132971 0.016133318006593202 78
1716909133005 0.008898148728933717 79
1716909133038 0.009574978179963571 80
1716909133072 0.0027165765641257167 81
1716909133105 0.004218035410823566 82
1716909133139 0.013622046198828943 83
1716909133172 0.01916269800027034 84
1716909133206 0.0029698263887049897 85
1716909133240 0.0013318697373116656 86
1716909133272 0.00546262223672654 87
1716909133305 0.014777061462934529 88
1716909133338 0.029612511562715684 89
1716909133372 0.021353537590974674 90
1716909133405 0.07918216547529612 91
1716909133438 0.01882236687067364 92
1716909133472 0.011707494035363197 93
1716909133505 0.007766240492596158 94
1716909133539 0.0048301746885824415 95
1716909133573 0.00394544774566644 96
1716909133606 0.016878992718245302 97
1716909133639 0.0161359356799429 98
1716909133672 0.004605881911369839 99
1716909133705 0.014086560537439905 100
1716909133739 0.0163384951052389 101
1716909133772 0.01868553104577586 102
1716909133806 0.0365878581443602 103
1716909133840 0.01578562650995861 104
1716909133873 0.028169651781874045 105
1716909133906 0.048902652193126936 106
1716909133938 0.030581181569557105 107
1716909133973 0.0351973747435425 108
1716909134007 0.08136384189128876 109
1716909134042 0.03359733152735446 110
1716909134087 0.015839398655641292 111
1716909134121 0.010680158689085926 112
1716909134155 0.02365332469344139 113
1716909134189 0.013259701879828103 114
1716909134223 0.0200325151173664 115
1716909134257 0.024776285597389296 116
1716909134291 0.024704299867153168 117
1716909134324 0.012438883522658475 118
1716909134359 0.009357525617815554 119
1716909134392 0.004574810345989785 120
1716909134427 0.015263443114235997 121
1716909134462 0.01699613011442125 122
1716909134496 0.06968302901701204 123
1716909134530 0.09432612818532757 124
1716909134565 0.10241177505148309 125
1716909134599 0.046887983568012714 126
1716909134633 0.04785752562539918 127
1716909134666 0.011944305883454425 128
1716909134701 0.006882547750137746 129
1716909134735 0.004614380171655544 130
1716909134770 0.0023727629450149834 131
1716909134804 0.005830758983003241 132
1716909134839 0.0013136780055771982 133
1716909134872 0.009907636275914098 134
1716909134906 0.003340030845720321 135
1716909134940 0.0256145931905069 136
1716909134974 0.039115407213103026 137
1716909135007 0.013435764338022895 138
1716909135043 0.01723469847014972 139
1716909135079 0.0034175471435966237 140
1716909135113 0.00204776058671996 141
1716909135148 0.0018417664021918817 142
1716909135181 0.0028803623198265477 143
1716909135214 0.0011107018051136816 144
1716909135248 0.0010646581753722525 145
1716909135283 0.000946173955786175 146
1716909135316 0.0005702401187071311 147
1716909135350 0.011300149785321472 148
1716909135384 0.07170991374836636 149
1716909135418 0.10580821282097272 150
1716909135452 0.039633093933974 151
1716909135485 0.015161801794809955 152
1716909135519 0.013456291419320874 153
1716909135554 0.007587568402024252 154
1716909135590 0.004681153971302722 155
1716909135625 0.011584983706208212 156
1716909135659 0.01439670768533168 157
1716909135692 0.014912324516834425 158
1716909135726 0.0018946324375325016 159
1716909135760 0.004974516295728141 160
1716909135793 0.0026461493814297554 161
1716909135827 0.0007005887288999345 162
1716909135862 0.020097569408660223 163
1716909135895 0.0207999903525758 164
1716909135929 0.007399215604112085 165
1716909135964 0.0048540279801402774 166
1716909135998 0.002088933892082423 167
1716909136031 0.0020299782128339367 168
1716909136066 0.0006047640095597931 169
1716909136102 0.0006882014256137024 170
1716909136136 0.0012541486960669448 171
1716909136170 0.02411291077234117 172
1716909136204 0.05072408791498414 173
1716909136237 0.016842744787157114 174
1716909136272 0.008836397668346763 175
1716909136306 0.004016355569807014 176
1716909136340 0.001165028935897031 177
1716909136373 0.003124706875366558 178
1716909136407 0.006497333242025759 179
1716909136441 0.0074019058270745775 180
1716909136476 0.0011970283771266363 181
1716909136509 0.0006309287314901926 182
1716909136543 0.014339425143719251 183
1716909136577 0.0411215322715829 184
1716909136613 0.03761755724969719 185
1716909136646 0.1576055892344032 186
1716909136681 0.05484432680532336 187
1716909136715 0.008883842932326453 188
1716909136748 0.004859861285824861 189
1716909136783 0.0037040468721118358 190
1716909136817 0.0041543320237126735 191
1716909136851 0.0027359878461408827 192
1716909136887 0.0010488332398901029 193
1716909136921 0.0038537759392056614 194
1716909136954 0.0010346630712904567 195
1716909136989 0.0032947888830676675 196
1716909137022 0.058812033418299894 197
1716909137056 0.06036042784606772 198
1716909137091 0.010097448847123556 199
1716909137127 0.0038195293995418717 200
1716909137161 0.012703296088147908 201
1716909137196 0.008469257221025015 202
1716909137228 0.004122341471624428 203
1716909137262 0.0005575795699509659 204
1716909137297 0.0013258143361391766 205
1716909137330 0.000973131278962163 206
1716909137364 0.0041189414228678545 207
1716909137399 0.0005496170903955187 208
1716909137433 0.0017322504780687658 209
1716909137466 0.001274372176599822 210
1716909137500 0.0017284107650214406 211
1716909137534 0.0007636706037114241 212
1716909137568 0.00039048022361904647 213
1716909137603 0.001974952170192929 214
1716909137638 0.0008707915320493547 215
1716909137672 0.0005484812323369884 216
1716909137707 0.00038452543646729154 217
1716909137741 0.0002958077467545601 218
1716909137774 0.2970256143588423 219
1716909137808 0.13069040248436586 220
1716909137844 0.030870868358761072 221
1716909137878 0.019790329970419407 222
1716909137912 0.006481722263353211 223
1716909137946 0.013024037337995 224
1716909137979 0.007836691536275404 225
1716909138013 0.0052928513448153225 226
1716909138047 0.021524617564864457 227
1716909138080 0.02491599946681942 228
1716909138114 0.008757441071793437 229
1716909138149 0.004977941862307489 230
1716909138183 0.0055195599727864775 231
1716909138218 0.039051524945534766 232
1716909138253 0.0735950477953468 233
1716909138287 0.01764268699168627 234
1716909138320 0.007357272652110883 235
1716909138354 0.023337658029049635 236
1716909138387 0.014978972163849644 237
1716909138421 0.005162322594385062 238
1716909138455 0.04879363115677344 239
1716909138489 0.49199383572808336 240
1716909138523 0.007876348203613557 241
1716909138556 0.004894145764410496 242
1716909138590 0.010273086239716836 243
1716909138624 0.013523453098189617 244
1716909138659 0.003946718111235116 245
1716909138693 0.008612167663938766 246
1716909138745 0.002726917396233018 247
1716909138780 0.0032760484277137686 248
1716909138814 0.04525580134109727 249
1716909138848 0.03285591778278883 250
1716909138882 0.0020874171584312406 251
1716909138915 0.010186128858809493 252
1716909138949 0.0055899347145376465 253
1716909138983 0.002006834023632109 254
1716909139017 0.013672277572498257 255
1716909139051 0.012331145923651223 256
1716909139084 0.014952973986510187 257
1716909139118 0.00800565186156226 258
1716909139152 0.005354045599233359 259
1716909139186 0.00419291462666089 260
1716909139219 0.005859722158805068 261
1716909139254 0.003860884562267789 262
1716909139287 0.00848935535759665 263
1716909139320 0.002209626058174763 264
1716909139354 0.0023674406080057713 265
1716909139387 0.024306760123831088 266
1716909139421 0.023332605046951876 267
1716909139454 0.0070659328318600145 268
1716909139488 0.025611928285798058 269
1716909139521 0.004343553396340992 270
1716909139555 0.004306547464303938 271
1716909139588 0.0024802025790060206 272
1716909139622 0.0033155890996567905 273
1716909139655 0.0047838953999286915 274
1716909139689 0.002957860797843231 275
1716909139722 0.004061287713869076 276
1716909139755 0.0040869871798869485 277
1716909139787 0.01104325455214296 278
1716909139821 0.0011673671916858958 279
1716909139855 0.005945025680245765 280
1716909139890 0.0005281366445290457 281
1716909139923 0.00036639226423825936 282
1716909139957 0.0016271559912378766 283
1716909139991 0.0003189221294763099 284
1716909140025 0.0002900020387772072 285
1716909140059 0.0001381454426986498 286
1716909140093 0.0003010436297959781 287
1716909140126 0.00017468146740741628 288
1716909140160 0.06453754263514254 289
1716909140194 0.07564332135786701 290
1716909140228 0.014583664281027657 291
1716909140261 0.007045109689767871 292
1716909140296 0.008337752353067376 293
1716909140330 0.08790044434967317 294
1716909140365 0.15663954349500792 295
1716909140399 0.05480000589575086 296
1716909140433 0.04525575514084527 297
1716909140466 0.014961433962785773 298
1716909140501 0.025226735493301282 299
1716909140534 0.013251850830524095 300
