1716909130358 0.8567839195979899 1
1716909130394 0.9723618090452262 2
1716909130427 0.957286432160804 3
1716909130464 0.9748743718592965 4
1716909130499 0.9849246231155779 5
1716909130533 0.9748743718592965 6
1716909130567 0.992462311557789 7
1716909130602 0.957286432160804 8
1716909130635 0.964824120603015 9
1716909130670 0.9849246231155779 10
1716909130704 0.9849246231155779 11
1716909130738 0.9849246231155779 12
1716909130770 0.9773869346733668 13
1716909130803 0.9849246231155779 14
1716909130837 0.9874371859296482 15
1716909130871 0.9849246231155779 16
1716909130904 0.9773869346733668 17
1716909130938 0.9824120603015075 18
1716909130972 0.9899497487437185 19
1716909131006 0.957286432160804 20
1716909131040 0.9899497487437185 21
1716909131073 0.9798994974874372 22
1716909131107 0.9899497487437185 23
1716909131142 0.9849246231155779 24
1716909131175 0.964824120603015 25
1716909131209 0.9773869346733668 26
1716909131244 0.992462311557789 27
1716909131277 0.9949748743718593 28
1716909131311 0.9698492462311558 29
1716909131345 0.9899497487437185 30
1716909131378 0.9849246231155779 31
1716909131413 0.9824120603015075 32
1716909131447 0.9899497487437185 33
1716909131481 0.9874371859296482 34
1716909131514 0.9874371859296482 35
1716909131548 0.992462311557789 36
1716909131582 0.9899497487437185 37
1716909131616 0.9849246231155779 38
1716909131650 0.9773869346733668 39
1716909131684 0.9798994974874372 40
1716909131718 0.9824120603015075 41
1716909131751 0.9899497487437185 42
1716909131786 0.9773869346733668 43
1716909131819 0.9899497487437185 44
1716909131854 0.9899497487437185 45
1716909131887 0.9949748743718593 46
1716909131921 0.9874371859296482 47
1716909131955 0.9673366834170855 48
1716909131989 0.9949748743718593 49
1716909132023 0.9974874371859297 50
1716909132057 0.9974874371859297 51
1716909132090 0.9949748743718593 52
1716909132124 0.9849246231155779 53
1716909132158 0.9874371859296482 54
1716909132192 1.0 55
1716909132226 0.9974874371859297 56
1716909132261 0.992462311557789 57
1716909132295 0.9597989949748744 58
1716909132330 0.9748743718592965 59
1716909132363 0.9899497487437185 60
1716909132397 0.9974874371859297 61
1716909132432 1.0 62
1716909132467 1.0 63
1716909132500 0.9974874371859297 64
1716909132534 0.9974874371859297 65
1716909132566 0.9974874371859297 66
1716909132601 0.992462311557789 67
1716909132635 0.9899497487437185 68
1716909132668 0.9949748743718593 69
1716909132700 0.9949748743718593 70
1716909132734 1.0 71
1716909132768 1.0 72
1716909132802 0.9874371859296482 73
1716909132836 0.9899497487437185 74
1716909132870 0.9949748743718593 75
1716909132903 0.9748743718592965 76
1716909132936 0.9824120603015075 77
1716909132968 0.9949748743718593 78
1716909133001 0.9974874371859297 79
1716909133035 0.9974874371859297 80
1716909133069 1.0 81
1716909133103 1.0 82
1716909133136 0.9974874371859297 83
1716909133169 0.992462311557789 84
1716909133202 1.0 85
1716909133237 1.0 86
1716909133269 0.9974874371859297 87
1716909133302 0.9974874371859297 88
1716909133335 0.9899497487437185 89
1716909133369 0.992462311557789 90
1716909133402 0.9748743718592965 91
1716909133435 0.9874371859296482 92
1716909133469 0.9949748743718593 93
1716909133502 0.9974874371859297 94
1716909133536 1.0 95
1716909133570 1.0 96
1716909133603 0.9974874371859297 97
1716909133636 0.9899497487437185 98
1716909133669 0.9974874371859297 99
1716909133702 0.9949748743718593 100
1716909133736 0.992462311557789 101
1716909133769 0.9974874371859297 102
1716909133803 0.992462311557789 103
1716909133837 0.9974874371859297 104
1716909133870 0.992462311557789 105
1716909133903 0.9899497487437185 106
1716909133936 0.9899497487437185 107
1716909133970 0.9949748743718593 108
1716909134004 0.9723618090452262 109
1716909134039 0.9899497487437185 110
1716909134084 0.9949748743718593 111
1716909134118 0.9949748743718593 112
1716909134152 0.9874371859296482 113
1716909134186 0.9949748743718593 114
1716909134220 0.992462311557789 115
1716909134254 0.9949748743718593 116
1716909134288 0.992462311557789 117
1716909134322 0.992462311557789 118
1716909134356 0.9974874371859297 119
1716909134390 1.0 120
1716909134424 0.9974874371859297 121
1716909134459 0.9949748743718593 122
1716909134493 0.9899497487437185 123
1716909134527 0.9698492462311558 124
1716909134561 0.9949748743718593 125
1716909134596 0.9899497487437185 126
1716909134630 0.9798994974874372 127
1716909134664 0.9949748743718593 128
1716909134698 0.9974874371859297 129
1716909134732 1.0 130
1716909134767 1.0 131
1716909134801 1.0 132
1716909134836 1.0 133
1716909134870 0.9949748743718593 134
1716909134903 1.0 135
1716909134937 0.9949748743718593 136
1716909134971 0.992462311557789 137
1716909135004 0.9949748743718593 138
1716909135040 0.9974874371859297 139
1716909135076 1.0 140
1716909135110 1.0 141
1716909135144 1.0 142
1716909135178 1.0 143
1716909135211 1.0 144
1716909135245 1.0 145
1716909135280 1.0 146
1716909135313 1.0 147
1716909135347 1.0 148
1716909135381 0.9949748743718593 149
1716909135415 0.9748743718592965 150
1716909135449 0.9824120603015075 151
1716909135482 0.9974874371859297 152
1716909135516 0.9974874371859297 153
1716909135550 0.9974874371859297 154
1716909135587 1.0 155
1716909135622 0.9949748743718593 156
1716909135656 0.9974874371859297 157
1716909135690 0.992462311557789 158
1716909135723 1.0 159
1716909135757 0.9974874371859297 160
1716909135790 1.0 161
1716909135824 1.0 162
1716909135858 0.9949748743718593 163
1716909135893 0.9949748743718593 164
1716909135926 0.9974874371859297 165
1716909135961 0.9974874371859297 166
1716909135995 1.0 167
1716909136028 1.0 168
1716909136063 1.0 169
1716909136099 1.0 170
1716909136133 1.0 171
1716909136167 0.9974874371859297 172
1716909136201 0.9849246231155779 173
1716909136234 0.9949748743718593 174
1716909136269 0.9949748743718593 175
1716909136303 0.9974874371859297 176
1716909136336 1.0 177
1716909136371 1.0 178
1716909136404 0.9974874371859297 179
1716909136438 0.9974874371859297 180
1716909136473 1.0 181
1716909136506 1.0 182
1716909136540 0.9974874371859297 183
1716909136574 0.9899497487437185 184
1716909136610 0.9949748743718593 185
1716909136643 0.9723618090452262 186
1716909136678 0.9849246231155779 187
1716909136712 1.0 188
1716909136746 1.0 189
1716909136780 1.0 190
1716909136814 1.0 191
1716909136847 1.0 192
1716909136884 1.0 193
1716909136918 1.0 194
1716909136951 1.0 195
1716909136986 1.0 196
1716909137019 0.9949748743718593 197
1716909137053 0.9824120603015075 198
1716909137088 0.9974874371859297 199
1716909137124 1.0 200
1716909137158 0.9949748743718593 201
1716909137192 1.0 202
1716909137225 0.9974874371859297 203
1716909137259 1.0 204
1716909137294 1.0 205
1716909137328 1.0 206
1716909137361 0.9974874371859297 207
1716909137396 1.0 208
1716909137430 1.0 209
1716909137463 1.0 210
1716909137497 1.0 211
1716909137531 1.0 212
1716909137565 1.0 213
1716909137600 1.0 214
1716909137635 1.0 215
1716909137669 1.0 216
1716909137704 1.0 217
1716909137738 1.0 218
1716909137771 0.992462311557789 219
1716909137805 0.9698492462311558 220
1716909137841 0.992462311557789 221
1716909137875 0.992462311557789 222
1716909137909 1.0 223
1716909137943 0.9974874371859297 224
1716909137976 0.9974874371859297 225
1716909138011 1.0 226
1716909138044 0.9949748743718593 227
1716909138077 0.992462311557789 228
1716909138111 0.9974874371859297 229
1716909138146 0.9974874371859297 230
1716909138180 0.9974874371859297 231
1716909138215 0.992462311557789 232
1716909138250 0.9798994974874372 233
1716909138283 0.9949748743718593 234
1716909138317 1.0 235
1716909138351 0.9949748743718593 236
1716909138384 0.9949748743718593 237
1716909138418 0.9974874371859297 238
1716909138452 0.9949748743718593 239
1716909138486 0.9849246231155779 240
1716909138520 0.9974874371859297 241
1716909138553 1.0 242
1716909138587 0.9974874371859297 243
1716909138621 0.9974874371859297 244
1716909138656 1.0 245
1716909138690 1.0 246
1716909138742 1.0 247
1716909138777 1.0 248
1716909138811 0.9974874371859297 249
1716909138845 0.9899497487437185 250
1716909138879 1.0 251
1716909138912 0.9949748743718593 252
1716909138946 0.9974874371859297 253
1716909138980 1.0 254
1716909139014 0.9974874371859297 255
1716909139048 0.9949748743718593 256
1716909139081 0.9974874371859297 257
1716909139115 1.0 258
1716909139149 0.9974874371859297 259
1716909139183 1.0 260
1716909139216 1.0 261
1716909139251 1.0 262
1716909139284 0.9974874371859297 263
1716909139317 1.0 264
1716909139351 1.0 265
1716909139384 0.9949748743718593 266
1716909139417 0.9874371859296482 267
1716909139451 0.9949748743718593 268
1716909139485 0.992462311557789 269
1716909139518 1.0 270
1716909139552 0.9974874371859297 271
1716909139585 1.0 272
1716909139619 1.0 273
1716909139652 0.9974874371859297 274
1716909139686 1.0 275
1716909139719 0.9974874371859297 276
1716909139752 1.0 277
1716909139785 0.9974874371859297 278
1716909139818 1.0 279
1716909139852 0.9974874371859297 280
1716909139887 1.0 281
1716909139920 1.0 282
1716909139954 1.0 283
1716909139988 1.0 284
1716909140022 1.0 285
1716909140057 1.0 286
1716909140090 1.0 287
1716909140123 1.0 288
1716909140156 0.9949748743718593 289
1716909140191 0.9723618090452262 290
1716909140226 0.9949748743718593 291
1716909140258 1.0 292
1716909140293 0.9974874371859297 293
1716909140327 0.9949748743718593 294
1716909140362 0.9547738693467337 295
1716909140396 0.9723618090452262 296
1716909140430 0.9849246231155779 297
1716909140463 0.9949748743718593 298
1716909140498 0.9874371859296482 299
1716909140531 0.9974874371859297 300
