1716909130360 0.8053691275167785 1
1716909130395 0.9463087248322147 2
1716909130428 0.9530201342281879 3
1716909130465 0.959731543624161 4
1716909130500 0.9664429530201343 5
1716909130533 0.9664429530201343 6
1716909130568 0.9865771812080537 7
1716909130602 0.959731543624161 8
1716909130636 0.9530201342281879 9
1716909130671 0.9664429530201343 10
1716909130705 0.9798657718120806 11
1716909130738 0.9731543624161074 12
1716909130770 0.9731543624161074 13
1716909130804 0.959731543624161 14
1716909130838 0.9731543624161074 15
1716909130872 0.9731543624161074 16
1716909130905 0.9530201342281879 17
1716909130939 0.959731543624161 18
1716909130972 0.9932885906040269 19
1716909131007 0.8993288590604027 20
1716909131041 0.9798657718120806 21
1716909131074 0.9664429530201343 22
1716909131108 0.9798657718120806 23
1716909131143 0.9798657718120806 24
1716909131176 0.9664429530201343 25
1716909131210 0.9463087248322147 26
1716909131245 0.9865771812080537 27
1716909131278 0.9932885906040269 28
1716909131312 0.9463087248322147 29
1716909131346 0.9798657718120806 30
1716909131379 0.959731543624161 31
1716909131413 0.9865771812080537 32
1716909131447 0.9731543624161074 33
1716909131482 0.9865771812080537 34
1716909131515 0.9664429530201343 35
1716909131549 0.9932885906040269 36
1716909131583 0.9865771812080537 37
1716909131617 0.9865771812080537 38
1716909131651 0.9463087248322147 39
1716909131685 0.9865771812080537 40
1716909131719 0.959731543624161 41
1716909131752 0.9731543624161074 42
1716909131787 0.9865771812080537 43
1716909131820 0.9731543624161074 44
1716909131855 0.9932885906040269 45
1716909131888 0.9932885906040269 46
1716909131922 0.9865771812080537 47
1716909131956 0.9194630872483222 48
1716909131990 0.9865771812080537 49
1716909132024 0.9932885906040269 50
1716909132058 0.9932885906040269 51
1716909132091 0.9865771812080537 52
1716909132125 1.0 53
1716909132159 0.9664429530201343 54
1716909132193 1.0 55
1716909132227 0.9932885906040269 56
1716909132262 1.0 57
1716909132296 0.8993288590604027 58
1716909132331 0.9463087248322147 59
1716909132364 0.9798657718120806 60
1716909132398 0.9932885906040269 61
1716909132433 1.0 62
1716909132468 1.0 63
1716909132501 0.9932885906040269 64
1716909132534 1.0 65
1716909132567 1.0 66
1716909132601 0.9798657718120806 67
1716909132636 0.9932885906040269 68
1716909132669 0.9865771812080537 69
1716909132701 0.9865771812080537 70
1716909132735 1.0 71
1716909132769 1.0 72
1716909132802 0.9865771812080537 73
1716909132837 0.9731543624161074 74
1716909132871 1.0 75
1716909132904 0.9328859060402684 76
1716909132937 0.9798657718120806 77
1716909132969 0.9932885906040269 78
1716909133002 0.9932885906040269 79
1716909133036 0.9932885906040269 80
1716909133070 1.0 81
1716909133103 1.0 82
1716909133137 0.9932885906040269 83
1716909133170 1.0 84
1716909133203 1.0 85
1716909133238 1.0 86
1716909133270 1.0 87
1716909133303 0.9932885906040269 88
1716909133336 0.9932885906040269 89
1716909133370 1.0 90
1716909133403 0.9395973154362416 91
1716909133436 1.0 92
1716909133470 1.0 93
1716909133503 1.0 94
1716909133537 1.0 95
1716909133571 1.0 96
1716909133604 0.9932885906040269 97
1716909133637 0.9798657718120806 98
1716909133670 1.0 99
1716909133703 0.9932885906040269 100
1716909133737 0.9932885906040269 101
1716909133770 1.0 102
1716909133804 0.9798657718120806 103
1716909133838 0.9932885906040269 104
1716909133871 0.9865771812080537 105
1716909133903 0.9731543624161074 106
1716909133936 0.9932885906040269 107
1716909133971 0.9865771812080537 108
1716909134005 0.9798657718120806 109
1716909134040 0.9865771812080537 110
1716909134085 0.9865771812080537 111
1716909134119 0.9865771812080537 112
1716909134153 0.9731543624161074 113
1716909134187 0.9932885906040269 114
1716909134221 0.9865771812080537 115
1716909134255 0.9865771812080537 116
1716909134289 1.0 117
1716909134323 0.9865771812080537 118
1716909134357 1.0 119
1716909134390 1.0 120
1716909134425 0.9932885906040269 121
1716909134459 1.0 122
1716909134494 0.9865771812080537 123
1716909134528 0.9463087248322147 124
1716909134562 0.9865771812080537 125
1716909134597 0.9865771812080537 126
1716909134631 0.9731543624161074 127
1716909134664 0.9932885906040269 128
1716909134699 0.9932885906040269 129
1716909134733 1.0 130
1716909134768 1.0 131
1716909134802 1.0 132
1716909134837 1.0 133
1716909134870 0.9932885906040269 134
1716909134904 1.0 135
1716909134938 0.9932885906040269 136
1716909134972 0.9798657718120806 137
1716909135005 0.9865771812080537 138
1716909135041 0.9932885906040269 139
1716909135078 1.0 140
1716909135111 1.0 141
1716909135145 1.0 142
1716909135179 1.0 143
1716909135212 1.0 144
1716909135246 1.0 145
1716909135281 1.0 146
1716909135314 1.0 147
1716909135348 1.0 148
1716909135382 1.0 149
1716909135416 0.959731543624161 150
1716909135450 0.959731543624161 151
1716909135483 0.9932885906040269 152
1716909135517 0.9932885906040269 153
1716909135551 0.9932885906040269 154
1716909135588 1.0 155
1716909135623 0.9932885906040269 156
1716909135657 0.9932885906040269 157
1716909135690 0.9932885906040269 158
1716909135724 1.0 159
1716909135758 1.0 160
1716909135791 1.0 161
1716909135825 1.0 162
1716909135859 1.0 163
1716909135894 0.9865771812080537 164
1716909135927 0.9932885906040269 165
1716909135962 1.0 166
1716909135996 1.0 167
1716909136029 1.0 168
1716909136064 1.0 169
1716909136100 1.0 170
1716909136134 1.0 171
1716909136168 1.0 172
1716909136201 0.9731543624161074 173
1716909136235 0.9932885906040269 174
1716909136269 0.9932885906040269 175
1716909136304 1.0 176
1716909136337 1.0 177
1716909136371 1.0 178
1716909136405 0.9932885906040269 179
1716909136439 1.0 180
1716909136473 1.0 181
1716909136507 1.0 182
1716909136540 0.9932885906040269 183
1716909136575 1.0 184
1716909136611 0.9865771812080537 185
1716909136644 1.0 186
1716909136679 0.959731543624161 187
1716909136712 1.0 188
1716909136747 1.0 189
1716909136781 1.0 190
1716909136815 1.0 191
1716909136848 1.0 192
1716909136884 1.0 193
1716909136919 1.0 194
1716909136952 1.0 195
1716909136987 1.0 196
1716909137020 1.0 197
1716909137054 0.9530201342281879 198
1716909137089 0.9932885906040269 199
1716909137125 1.0 200
1716909137159 1.0 201
1716909137193 1.0 202
1716909137226 1.0 203
1716909137260 1.0 204
1716909137295 1.0 205
1716909137328 1.0 206
1716909137362 0.9932885906040269 207
1716909137397 1.0 208
1716909137431 1.0 209
1716909137464 1.0 210
1716909137498 1.0 211
1716909137531 1.0 212
1716909137566 1.0 213
1716909137601 1.0 214
1716909137636 1.0 215
1716909137670 1.0 216
1716909137705 1.0 217
1716909137739 1.0 218
1716909137772 0.9798657718120806 219
1716909137806 0.9932885906040269 220
1716909137842 0.9932885906040269 221
1716909137876 0.9865771812080537 222
1716909137910 1.0 223
1716909137944 0.9932885906040269 224
1716909137977 1.0 225
1716909138011 1.0 226
1716909138045 0.9932885906040269 227
1716909138078 0.9798657718120806 228
1716909138112 1.0 229
1716909138147 0.9932885906040269 230
1716909138181 0.9932885906040269 231
1716909138216 0.9865771812080537 232
1716909138251 1.0 233
1716909138284 0.9932885906040269 234
1716909138318 1.0 235
1716909138352 0.9865771812080537 236
1716909138385 1.0 237
1716909138419 0.9932885906040269 238
1716909138453 0.9932885906040269 239
1716909138487 0.9932885906040269 240
1716909138521 0.9932885906040269 241
1716909138554 1.0 242
1716909138588 1.0 243
1716909138622 0.9932885906040269 244
1716909138657 1.0 245
1716909138691 1.0 246
1716909138743 1.0 247
1716909138778 1.0 248
1716909138812 1.0 249
1716909138846 0.9731543624161074 250
1716909138880 1.0 251
1716909138913 0.9865771812080537 252
1716909138947 1.0 253
1716909138981 1.0 254
1716909139015 0.9932885906040269 255
1716909139049 1.0 256
1716909139081 0.9932885906040269 257
1716909139116 1.0 258
1716909139150 0.9932885906040269 259
1716909139184 1.0 260
1716909139217 1.0 261
1716909139252 1.0 262
1716909139285 1.0 263
1716909139318 1.0 264
1716909139352 1.0 265
1716909139385 0.9865771812080537 266
1716909139418 1.0 267
1716909139452 0.9932885906040269 268
1716909139486 0.9865771812080537 269
1716909139519 1.0 270
1716909139553 1.0 271
1716909139586 1.0 272
1716909139620 1.0 273
1716909139653 1.0 274
1716909139686 1.0 275
1716909139720 1.0 276
1716909139753 1.0 277
1716909139785 1.0 278
1716909139819 1.0 279
1716909139853 0.9932885906040269 280
1716909139888 1.0 281
1716909139921 1.0 282
1716909139954 1.0 283
1716909139989 1.0 284
1716909140023 1.0 285
1716909140057 1.0 286
1716909140091 1.0 287
1716909140124 1.0 288
1716909140157 0.9865771812080537 289
1716909140192 0.9664429530201343 290
1716909140226 0.9932885906040269 291
1716909140259 1.0 292
1716909140294 0.9932885906040269 293
1716909140328 0.9932885906040269 294
1716909140363 0.9664429530201343 295
1716909140397 0.9731543624161074 296
1716909140431 0.9731543624161074 297
1716909140464 1.0 298
1716909140498 0.9865771812080537 299
1716909140532 1.0 300
