1716909130360 0.8080808080808082 1
1716909130395 0.962457337883959 2
1716909130429 0.9435215946843853 3
1716909130465 0.9662162162162162 4
1716909130500 0.9795918367346937 5
1716909130534 0.9664429530201343 6
1716909130569 0.9898989898989898 7
1716909130603 0.9438943894389439 8
1716909130636 0.9530201342281879 9
1716909130671 0.9795918367346937 10
1716909130705 0.9798657718120806 11
1716909130739 0.9797297297297297 12
1716909130771 0.9698996655518394 13
1716909130805 0.9794520547945206 14
1716909130838 0.983050847457627 15
1716909130872 0.9797297297297297 16
1716909130905 0.969283276450512 17
1716909130939 0.9761092150170648 18
1716909130973 0.9866666666666667 19
1716909131007 0.9403508771929825 20
1716909131041 0.9864864864864865 21
1716909131074 0.9729729729729729 22
1716909131108 0.9864864864864865 23
1716909131143 0.9798657718120806 24
1716909131176 0.9536423841059601 25
1716909131211 0.9690721649484537 26
1716909131245 0.9898989898989898 27
1716909131278 0.9932885906040269 28
1716909131312 0.9591836734693876 29
1716909131346 0.9864864864864865 30
1716909131379 0.9794520547945206 31
1716909131414 0.9767441860465117 32
1716909131448 0.9863945578231292 33
1716909131482 0.9832775919732442 34
1716909131515 0.9829351535836178 35
1716909131549 0.9899665551839465 36
1716909131583 0.9865771812080537 37
1716909131617 0.98 38
1716909131651 0.9690721649484537 39
1716909131685 0.9735099337748345 40
1716909131719 0.9761092150170648 41
1716909131753 0.9863945578231292 42
1716909131787 0.9702970297029703 43
1716909131821 0.9863945578231292 44
1716909131855 0.9866666666666667 45
1716909131888 0.9932885906040269 46
1716909131922 0.9832775919732442 47
1716909131956 0.9547038327526132 48
1716909131990 0.9932432432432432 49
1716909132024 0.9966329966329966 50
1716909132058 0.9966329966329966 51
1716909132092 0.9932432432432432 52
1716909132126 0.9802631578947368 53
1716909132159 0.9829351535836178 54
1716909132193 1.0 55
1716909132227 0.9966329966329966 56
1716909132263 0.9900332225913622 57
1716909132297 0.9436619718309859 58
1716909132331 0.9657534246575343 59
1716909132364 0.9864864864864865 60
1716909132398 0.9966329966329966 61
1716909132434 1.0 62
1716909132468 1.0 63
1716909132501 0.9966329966329966 64
1716909132535 0.9966555183946488 65
1716909132568 0.9966555183946488 66
1716909132602 0.9898305084745762 67
1716909132636 0.9866666666666667 68
1716909132669 0.9932432432432432 69
1716909132701 0.9932432432432432 70
1716909132735 1.0 71
1716909132769 1.0 72
1716909132803 0.9832775919732442 73
1716909132838 0.9863945578231292 74
1716909132872 0.9933333333333334 75
1716909132904 0.9652777777777778 76
1716909132937 0.9765886287625419 77
1716909132969 0.9932885906040269 78
1716909133003 0.9966329966329966 79
1716909133036 0.9966329966329966 80
1716909133070 1.0 81
1716909133104 1.0 82
1716909133137 0.9966329966329966 83
1716909133170 0.9900332225913622 84
1716909133204 1.0 85
1716909133238 1.0 86
1716909133270 0.9966555183946488 87
1716909133304 0.9966329966329966 88
1716909133336 0.9866666666666667 89
1716909133370 0.9900332225913622 90
1716909133403 0.9655172413793103 91
1716909133437 0.9834983498349835 92
1716909133470 0.9933333333333334 93
1716909133504 0.9966555183946488 94
1716909133537 1.0 95
1716909133571 1.0 96
1716909133604 0.9966329966329966 97
1716909133637 0.9864864864864865 98
1716909133670 0.9966555183946488 99
1716909133703 0.9932885906040269 100
1716909133737 0.9899665551839465 101
1716909133770 0.9966555183946488 102
1716909133804 0.9898305084745762 103
1716909133838 0.9966329966329966 104
1716909133871 0.9898989898989898 105
1716909133904 0.9863945578231292 106
1716909133937 0.9866666666666667 107
1716909133971 0.9932432432432432 108
1716909134005 0.9636963696369636 109
1716909134040 0.9865771812080537 110
1716909134085 0.9932432432432432 111
1716909134119 0.9932432432432432 112
1716909134153 0.983050847457627 113
1716909134187 0.9932885906040269 114
1716909134221 0.9898989898989898 115
1716909134255 0.9932432432432432 116
1716909134289 0.9900332225913622 117
1716909134323 0.9898989898989898 118
1716909134357 0.9966555183946488 119
1716909134391 1.0 120
1716909134426 0.9966329966329966 121
1716909134460 0.9933333333333334 122
1716909134494 0.9865771812080537 123
1716909134528 0.9591836734693876 124
1716909134563 0.9932432432432432 125
1716909134597 0.9865771812080537 126
1716909134631 0.9731543624161074 127
1716909134665 0.9932885906040269 128
1716909134699 0.9966329966329966 129
1716909134734 1.0 130
1716909134768 1.0 131
1716909134802 1.0 132
1716909134837 1.0 133
1716909134871 0.9932885906040269 134
1716909134904 1.0 135
1716909134938 0.9932885906040269 136
1716909134972 0.9898305084745762 137
1716909135006 0.9932432432432432 138
1716909135041 0.9966329966329966 139
1716909135078 1.0 140
1716909135112 1.0 141
1716909135146 1.0 142
1716909135179 1.0 143
1716909135212 1.0 144
1716909135246 1.0 145
1716909135281 1.0 146
1716909135314 1.0 147
1716909135348 1.0 148
1716909135383 0.9933333333333334 149
1716909135416 0.9662162162162162 150
1716909135450 0.9761092150170648 151
1716909135483 0.9966329966329966 152
1716909135517 0.9966329966329966 153
1716909135552 0.9966329966329966 154
1716909135588 1.0 155
1716909135623 0.9932885906040269 156
1716909135657 0.9966329966329966 157
1716909135691 0.9899665551839465 158
1716909135724 1.0 159
1716909135758 0.9966555183946488 160
1716909135791 1.0 161
1716909135825 1.0 162
1716909135860 0.9933333333333334 163
1716909135894 0.9932432432432432 164
1716909135927 0.9966329966329966 165
1716909135962 0.9966555183946488 166
1716909135996 1.0 167
1716909136029 1.0 168
1716909136064 1.0 169
1716909136100 1.0 170
1716909136134 1.0 171
1716909136168 0.9966555183946488 172
1716909136202 0.9797297297297297 173
1716909136235 0.9932885906040269 174
1716909136270 0.9932885906040269 175
1716909136304 0.9966555183946488 176
1716909136337 1.0 177
1716909136372 1.0 178
1716909136405 0.9966329966329966 179
1716909136439 0.9966555183946488 180
1716909136474 1.0 181
1716909136507 1.0 182
1716909136541 0.9966329966329966 183
1716909136575 0.9867549668874172 184
1716909136611 0.9932432432432432 185
1716909136644 0.964401294498382 186
1716909136679 0.9794520547945206 187
1716909136713 1.0 188
1716909136747 1.0 189
1716909136781 1.0 190
1716909136815 1.0 191
1716909136849 1.0 192
1716909136885 1.0 193
1716909136919 1.0 194
1716909136952 1.0 195
1716909136987 1.0 196
1716909137020 0.9933333333333334 197
1716909137054 0.9759450171821306 198
1716909137089 0.9966329966329966 199
1716909137126 1.0 200
1716909137160 0.9933333333333334 201
1716909137194 1.0 202
1716909137227 0.9966555183946488 203
1716909137260 1.0 204
1716909137295 1.0 205
1716909137329 1.0 206
1716909137362 0.9966329966329966 207
1716909137397 1.0 208
1716909137431 1.0 209
1716909137464 1.0 210
1716909137498 1.0 211
1716909137532 1.0 212
1716909137566 1.0 213
1716909137601 1.0 214
1716909137636 1.0 215
1716909137670 1.0 216
1716909137705 1.0 217
1716909137739 1.0 218
1716909137772 0.9898305084745762 219
1716909137807 0.961038961038961 220
1716909137842 0.9899665551839465 221
1716909137876 0.9898989898989898 222
1716909137910 1.0 223
1716909137944 0.9966329966329966 224
1716909137977 0.9966555183946488 225
1716909138012 1.0 226
1716909138045 0.9932885906040269 227
1716909138078 0.9898305084745762 228
1716909138112 0.9966555183946488 229
1716909138148 0.9966329966329966 230
1716909138181 0.9966329966329966 231
1716909138216 0.9898989898989898 232
1716909138251 0.9738562091503268 233
1716909138285 0.9932885906040269 234
1716909138318 1.0 235
1716909138352 0.9932432432432432 236
1716909138385 0.9933333333333334 237
1716909138419 0.9966329966329966 238
1716909138454 0.9932885906040269 239
1716909138488 0.9801324503311258 240
1716909138522 0.9966329966329966 241
1716909138555 1.0 242
1716909138588 0.9966555183946488 243
1716909138622 0.9966329966329966 244
1716909138657 1.0 245
1716909138691 1.0 246
1716909138743 1.0 247
1716909138778 1.0 248
1716909138812 0.9966555183946488 249
1716909138846 0.9863945578231292 250
1716909138880 1.0 251
1716909138913 0.9932432432432432 252
1716909138947 0.9966555183946488 253
1716909138981 1.0 254
1716909139015 0.9966329966329966 255
1716909139049 0.9933333333333334 256
1716909139082 0.9966329966329966 257
1716909139116 1.0 258
1716909139150 0.9966329966329966 259
1716909139184 1.0 260
1716909139218 1.0 261
1716909139252 1.0 262
1716909139285 0.9966555183946488 263
1716909139318 1.0 264
1716909139352 1.0 265
1716909139385 0.9932432432432432 266
1716909139419 0.9834983498349835 267
1716909139452 0.9932885906040269 268
1716909139487 0.9898989898989898 269
1716909139519 1.0 270
1716909139553 0.9966555183946488 271
1716909139586 1.0 272
1716909139620 1.0 273
1716909139653 0.9966555183946488 274
1716909139687 1.0 275
1716909139720 0.9966555183946488 276
1716909139753 1.0 277
1716909139786 0.9966555183946488 278
1716909139819 1.0 279
1716909139854 0.9966329966329966 280
1716909139888 1.0 281
1716909139921 1.0 282
1716909139955 1.0 283
1716909139989 1.0 284
1716909140023 1.0 285
1716909140058 1.0 286
1716909140091 1.0 287
1716909140124 1.0 288
1716909140157 0.9932432432432432 289
1716909140193 0.9632107023411371 290
1716909140227 0.9932885906040269 291
1716909140260 1.0 292
1716909140294 0.9966329966329966 293
1716909140328 0.9932885906040269 294
1716909140363 0.9411764705882353 295
1716909140397 0.9634551495016611 296
1716909140431 0.9797297297297297 297
1716909140465 0.9933333333333334 298
1716909140499 0.9832775919732442 299
1716909140533 0.9966555183946488 300
