1716909130359 0.8108108108108109 1
1716909130395 0.9791666666666666 2
1716909130428 0.9342105263157895 3
1716909130464 0.9727891156462585 4
1716909130499 0.993103448275862 5
1716909130533 0.9664429530201343 6
1716909130568 0.9932432432432432 7
1716909130602 0.9285714285714286 8
1716909130636 0.9530201342281879 9
1716909130671 0.993103448275862 10
1716909130704 0.9798657718120806 11
1716909130738 0.9863945578231292 12
1716909130770 0.9666666666666667 13
1716909130804 1.0 14
1716909130838 0.9931506849315068 15
1716909130871 0.9863945578231292 16
1716909130904 0.9861111111111112 17
1716909130938 0.9930555555555556 18
1716909130972 0.9801324503311258 19
1716909131006 0.9852941176470589 20
1716909131041 0.9931972789115646 21
1716909131073 0.9795918367346939 22
1716909131107 0.9931972789115646 23
1716909131142 0.9798657718120806 24
1716909131175 0.9411764705882353 25
1716909131210 0.9929577464788732 26
1716909131245 0.9932432432432432 27
1716909131278 0.9932885906040269 28
1716909131311 0.9724137931034482 29
1716909131345 0.9931972789115646 30
1716909131378 1.0 31
1716909131413 0.9671052631578947 32
1716909131447 1.0 33
1716909131481 0.98 34
1716909131515 1.0 35
1716909131549 0.9866666666666667 36
1716909131583 0.9865771812080537 37
1716909131617 0.9735099337748344 38
1716909131650 0.9929577464788732 39
1716909131684 0.9607843137254902 40
1716909131719 0.9930555555555556 41
1716909131752 1.0 42
1716909131786 0.9545454545454546 43
1716909131820 1.0 44
1716909131855 0.9801324503311258 45
1716909131888 0.9932885906040269 46
1716909131922 0.98 47
1716909131955 0.9927536231884058 48
1716909131989 1.0 49
1716909132024 1.0 50
1716909132058 1.0 51
1716909132091 1.0 52
1716909132125 0.9612903225806452 53
1716909132159 1.0 54
1716909132192 1.0 55
1716909132226 1.0 56
1716909132262 0.9802631578947368 57
1716909132296 0.9925925925925926 58
1716909132330 0.986013986013986 59
1716909132364 0.9931972789115646 60
1716909132398 1.0 61
1716909132433 1.0 62
1716909132467 1.0 63
1716909132500 1.0 64
1716909132534 0.9933333333333333 65
1716909132567 0.9933333333333333 66
1716909132601 1.0 67
1716909132635 0.9801324503311258 68
1716909132668 1.0 69
1716909132700 1.0 70
1716909132734 1.0 71
1716909132769 1.0 72
1716909132802 0.98 73
1716909132837 1.0 74
1716909132871 0.9867549668874173 75
1716909132904 1.0 76
1716909132937 0.9733333333333334 77
1716909132969 0.9932885906040269 78
1716909133002 1.0 79
1716909133035 1.0 80
1716909133069 1.0 81
1716909133103 1.0 82
1716909133136 1.0 83
1716909133170 0.9802631578947368 84
1716909133203 1.0 85
1716909133237 1.0 86
1716909133269 0.9933333333333333 87
1716909133303 1.0 88
1716909133336 0.9801324503311258 89
1716909133369 0.9802631578947368 90
1716909133402 0.9929078014184397 91
1716909133436 0.9675324675324676 92
1716909133469 0.9867549668874173 93
1716909133503 0.9933333333333333 94
1716909133536 1.0 95
1716909133570 1.0 96
1716909133603 1.0 97
1716909133636 0.9931972789115646 98
1716909133670 0.9933333333333333 99
1716909133702 0.9932885906040269 100
1716909133736 0.9866666666666667 101
1716909133770 0.9933333333333333 102
1716909133804 1.0 103
1716909133837 1.0 104
1716909133870 0.9932432432432432 105
1716909133903 1.0 106
1716909133936 0.9801324503311258 107
1716909133970 1.0 108
1716909134005 0.948051948051948 109
1716909134040 0.9865771812080537 110
1716909134084 1.0 111
1716909134119 1.0 112
1716909134153 0.9931506849315068 113
1716909134186 0.9932885906040269 114
1716909134221 0.9932432432432432 115
1716909134255 1.0 116
1716909134288 0.9802631578947368 117
1716909134322 0.9932432432432432 118
1716909134356 0.9933333333333333 119
1716909134390 1.0 120
1716909134425 1.0 121
1716909134459 0.9867549668874173 122
1716909134494 0.9865771812080537 123
1716909134527 0.9724137931034482 124
1716909134562 1.0 125
1716909134596 0.9865771812080537 126
1716909134630 0.9731543624161074 127
1716909134664 0.9932885906040269 128
1716909134699 1.0 129
1716909134733 1.0 130
1716909134767 1.0 131
1716909134801 1.0 132
1716909134836 1.0 133
1716909134870 0.9932885906040269 134
1716909134904 1.0 135
1716909134937 0.9932885906040269 136
1716909134972 1.0 137
1716909135005 1.0 138
1716909135041 1.0 139
1716909135077 1.0 140
1716909135111 1.0 141
1716909135145 1.0 142
1716909135179 1.0 143
1716909135212 1.0 144
1716909135246 1.0 145
1716909135280 1.0 146
1716909135313 1.0 147
1716909135348 1.0 148
1716909135382 0.9867549668874173 149
1716909135416 0.9727891156462585 150
1716909135450 0.9930555555555556 151
1716909135483 1.0 152
1716909135516 1.0 153
1716909135551 1.0 154
1716909135587 1.0 155
1716909135622 0.9932885906040269 156
1716909135657 1.0 157
1716909135690 0.9866666666666667 158
1716909135723 1.0 159
1716909135758 0.9933333333333333 160
1716909135791 1.0 161
1716909135824 1.0 162
1716909135859 0.9867549668874173 163
1716909135893 1.0 164
1716909135927 1.0 165
1716909135961 0.9933333333333333 166
1716909135995 1.0 167
1716909136028 1.0 168
1716909136064 1.0 169
1716909136100 1.0 170
1716909136133 1.0 171
1716909136167 0.9933333333333333 172
1716909136201 0.9863945578231292 173
1716909136235 0.9932885906040269 174
1716909136269 0.9932885906040269 175
1716909136303 0.9933333333333333 176
1716909136337 1.0 177
1716909136371 1.0 178
1716909136405 1.0 179
1716909136438 0.9933333333333333 180
1716909136473 1.0 181
1716909136506 1.0 182
1716909136540 1.0 183
1716909136574 0.9738562091503268 184
1716909136610 1.0 185
1716909136644 0.93125 186
1716909136678 1.0 187
1716909136712 1.0 188
1716909136746 1.0 189
1716909136780 1.0 190
1716909136814 1.0 191
1716909136848 1.0 192
1716909136884 1.0 193
1716909136918 1.0 194
1716909136952 1.0 195
1716909136986 1.0 196
1716909137019 0.9867549668874173 197
1716909137053 1.0 198
1716909137088 1.0 199
1716909137125 1.0 200
1716909137159 0.9867549668874173 201
1716909137193 1.0 202
1716909137226 0.9933333333333333 203
1716909137260 1.0 204
1716909137294 1.0 205
1716909137328 1.0 206
1716909137361 1.0 207
1716909137396 1.0 208
1716909137430 1.0 209
1716909137463 1.0 210
1716909137497 1.0 211
1716909137531 1.0 212
1716909137566 1.0 213
1716909137600 1.0 214
1716909137636 1.0 215
1716909137670 1.0 216
1716909137704 1.0 217
1716909137739 1.0 218
1716909137771 1.0 219
1716909137806 0.9308176100628931 220
1716909137841 0.9866666666666667 221
1716909137876 0.9932432432432432 222
1716909137910 1.0 223
1716909137943 1.0 224
1716909137977 0.9933333333333333 225
1716909138011 1.0 226
1716909138045 0.9932885906040269 227
1716909138077 1.0 228
1716909138111 0.9933333333333333 229
1716909138147 1.0 230
1716909138180 1.0 231
1716909138216 0.9932432432432432 232
1716909138250 0.9490445859872612 233
1716909138284 0.9932885906040269 234
1716909138317 1.0 235
1716909138352 1.0 236
1716909138384 0.9867549668874173 237
1716909138419 1.0 238
1716909138453 0.9932885906040269 239
1716909138487 0.9673202614379085 240
1716909138521 1.0 241
1716909138554 1.0 242
1716909138588 0.9933333333333333 243
1716909138622 1.0 244
1716909138656 1.0 245
1716909138690 1.0 246
1716909138743 1.0 247
1716909138777 1.0 248
1716909138811 0.9933333333333333 249
1716909138846 1.0 250
1716909138880 1.0 251
1716909138912 1.0 252
1716909138946 0.9933333333333333 253
1716909138980 1.0 254
1716909139014 1.0 255
1716909139049 0.9867549668874173 256
1716909139081 1.0 257
1716909139115 1.0 258
1716909139150 1.0 259
1716909139183 1.0 260
1716909139217 1.0 261
1716909139251 1.0 262
1716909139284 0.9933333333333333 263
1716909139317 1.0 264
1716909139352 1.0 265
1716909139385 1.0 266
1716909139418 0.9675324675324676 267
1716909139452 0.9932885906040269 268
1716909139486 0.9932432432432432 269
1716909139518 1.0 270
1716909139552 0.9933333333333333 271
1716909139585 1.0 272
1716909139619 1.0 273
1716909139652 0.9933333333333333 274
1716909139686 1.0 275
1716909139719 0.9933333333333333 276
1716909139753 1.0 277
1716909139785 0.9933333333333333 278
1716909139819 1.0 279
1716909139853 1.0 280
1716909139887 1.0 281
1716909139921 1.0 282
1716909139954 1.0 283
1716909139988 1.0 284
1716909140023 1.0 285
1716909140057 1.0 286
1716909140090 1.0 287
1716909140123 1.0 288
1716909140156 1.0 289
1716909140192 0.96 290
1716909140226 0.9932885906040269 291
1716909140259 1.0 292
1716909140294 1.0 293
1716909140328 0.9932885906040269 294
1716909140362 0.9171974522292994 295
1716909140396 0.9539473684210527 296
1716909140431 0.9863945578231292 297
1716909140464 0.9867549668874173 298
1716909140498 0.98 299
1716909140532 0.9933333333333333 300
