1716910119321 0.3385542035102844 1
1716910119356 0.1521536824958665 2
1716910119406 0.12184565514326096 3
1716910119440 0.09904131240078382 4
1716910119475 0.07637382724455424 5
1716910119510 0.054073606484702656 6
1716910119544 0.08531238803906101 7
1716910119580 0.05279579000281436 8
1716910119614 0.0869181648428951 9
1716910119648 0.07989316167575973 10
1716910119681 0.11731412447988987 11
1716910119715 0.05527314490505627 12
1716910119749 0.04793133054460798 13
1716910119781 0.10594874407563891 14
1716910119815 0.11032639497092792 15
1716910119848 0.08389213069209031 16
1716910119882 0.09383709622280938 17
1716910119915 0.06905726024082728 18
1716910119948 0.052985117038978 19
1716910119981 0.11062727549246379 20
1716910120014 0.07472958894712585 21
1716910120048 0.04313412814268044 22
1716910120082 0.027262300519006594 23
1716910120115 0.06028589898986476 24
1716910120149 0.01973780956385391 25
1716910120183 0.013943067086594445 26
1716910120216 0.013944996620661445 27
1716910120250 0.009853208088316023 28
1716910120283 0.02049734489992261 29
1716910120317 0.08641469661545541 30
1716910120351 0.0692878777959517 31
1716910120383 0.04713321956140654 32
1716910120417 0.014238484935568911 33
1716910120451 0.02495484859017389 34
1716910120483 0.010147753687176322 35
1716910120517 0.13384239867861783 36
1716910120550 0.07121901560042586 37
1716910120583 0.0734982150606811 38
1716910120616 0.05115530599973032 39
1716910120650 0.127047920865672 40
1716910120685 0.0959006774106196 41
1716910120717 0.05007623481963362 42
1716910120752 0.03628383470433099 43
1716910120786 0.027697493322193623 44
1716910120822 0.012369052174368076 45
1716910120856 0.059624540785859735 46
1716910120890 0.06167837471834251 47
1716910120924 0.037416091188788414 48
1716910120957 0.07004458058093276 49
1716910120990 0.03422793686123831 50
1716910121023 0.021353552683389614 51
1716910121058 0.008452791703997977 52
1716910121091 0.009686543090668107 53
1716910121124 0.011745411387112523 54
1716910121157 0.024580634681374898 55
1716910121192 0.01349267945624888 56
1716910121225 0.0061354565633726975 57
1716910121258 0.024902350393988724 58
1716910121291 0.01646971153760595 59
1716910121325 0.01014584131605391 60
1716910121357 0.008118248078972101 61
1716910121391 0.005251199622372431 62
1716910121424 0.006931608883730535 63
1716910121458 0.04106827103532851 64
1716910121491 0.10971286733235631 65
1716910121523 0.02392011448474867 66
1716910121557 0.011575547978281975 67
1716910121590 0.00651675569159644 68
1716910121624 0.006078896861124251 69
1716910121657 0.019184106195877706 70
1716910121690 0.05573718595717635 71
1716910121722 0.01893211345720504 72
1716910121755 0.032769959586273344 73
1716910121789 0.0400986358789461 74
1716910121822 0.06858001725881227 75
1716910121855 0.04232017323374748 76
1716910121889 0.12972252403518983 77
1716910121922 0.021396478904145106 78
1716910121956 0.01701798612651016 79
1716910121990 0.010916355864277907 80
1716910122023 0.016835344888802086 81
1716910122057 0.01591678978210049 82
1716910122090 0.021344461112416217 83
1716910122124 0.01779398080959384 84
1716910122157 0.007068582328169474 85
1716910122191 0.0025125721669090645 86
1716910122225 0.002435556163878313 87
1716910122259 0.01782011623228235 88
1716910122291 0.039534823004422445 89
1716910122325 0.11788358106943113 90
1716910122358 0.025754751837147132 91
1716910122391 0.024615123734942505 92
1716910122424 0.009377168258652091 93
1716910122459 0.005310627066397241 94
1716910122491 0.13021681665642454 95
1716910122524 0.04986103890197618 96
1716910122558 0.021833719818719795 97
1716910122591 0.05097773953873132 98
1716910122624 0.008152158066098179 99
1716910122657 0.008374141046910413 100
1716910122691 0.19739978733871663 101
1716910122725 0.07770264374890498 102
1716910122758 0.03471238738191979 103
1716910122791 0.012069253650094782 104
1716910122825 0.019059690380735055 105
1716910122858 0.007179441396147013 106
1716910122891 0.003210737552892949 107
1716910122923 0.002927984485203134 108
1716910122957 0.009514685578843845 109
1716910122990 0.002671884871753199 110
1716910123023 0.007937825700667287 111
1716910123056 0.005643017290692244 112
1716910123090 0.04755235467538504 113
1716910123124 0.05483334059161799 114
1716910123157 0.013246610827211822 115
1716910123191 0.018801837311392382 116
1716910123225 0.01098562466047172 117
1716910123259 0.006410491702679012 118
1716910123292 0.0047192122105376 119
1716910123326 0.02674145858535277 120
1716910123361 0.10469687194563448 121
1716910123393 0.06115960529340165 122
1716910123428 0.04695517642955695 123
1716910123461 0.02225492854735681 124
1716910123494 0.013009207822116358 125
1716910123528 0.02042150790137904 126
1716910123562 0.019220840318926742 127
1716910123595 0.027972787019929717 128
1716910123632 0.009471956989727914 129
1716910123664 0.013729161898871618 130
1716910123698 0.011015270370990038 131
1716910123732 0.006558834986727951 132
1716910123766 0.07005638334833618 133
1716910123799 0.004319330976743784 134
1716910123833 0.003366478219894426 135
1716910123866 0.005357915252846267 136
1716910123900 0.05345143796876073 137
1716910123933 0.057694155988948684 138
1716910123967 0.025978406192734838 139
1716910123999 0.012584853119083814 140
1716910124033 0.023011642607993314 141
1716910124066 0.006001198581153793 142
1716910124098 0.052888588214825304 143
1716910124131 0.021644927295190946 144
1716910124165 0.011549854767508805 145
1716910124198 0.024094995676672885 146
1716910124231 0.047449885035998056 147
1716910124264 0.027798658502953395 148
1716910124297 0.009352622686752252 149
1716910124331 0.02051890460175595 150
1716910124365 0.0416447132094098 151
1716910124398 0.02293808089702257 152
1716910124431 0.012794136394014848 153
1716910124464 0.0044857550445677975 154
1716910124499 0.0029183024515597416 155
1716910124532 0.00250293269553887 156
1716910124567 0.002165024434881551 157
1716910124599 0.10066903017494562 158
1716910124633 0.04090692119539848 159
1716910124667 0.007006012568516391 160
1716910124701 0.004439866569425378 161
1716910124734 0.005138461960346571 162
1716910124768 0.08713134393162493 163
1716910124802 0.048309417707579475 164
1716910124836 0.07704051171562501 165
1716910124870 0.02803498227149248 166
1716910124903 0.024111536630828465 167
1716910124938 0.00518073740282229 168
1716910124972 0.008596594595084233 169
1716910125005 0.047868881308074505 170
1716910125039 0.013923482936141747 171
1716910125072 0.03965727735443839 172
1716910125106 0.04087084012904337 173
1716910125138 0.01685123360117099 174
1716910125172 0.04533991014717945 175
1716910125207 0.03448703984862992 176
1716910125240 0.013276764590825354 177
1716910125274 0.008647215885243245 178
1716910125308 0.007029658615855234 179
1716910125342 0.002763627529410379 180
1716910125375 0.0057508761279418 181
1716910125409 0.0031779377937449942 182
1716910125442 0.007416013096060071 183
1716910125475 0.005004444608597883 184
1716910125510 0.0050659963162615895 185
1716910125544 0.0019436890142969787 186
1716910125577 0.002902784717402288 187
1716910125610 0.0009229323643791888 188
1716910125643 0.0061842148923980335 189
1716910125676 0.003001952876469919 190
1716910125710 0.0006528524307733667 191
1716910125744 0.0025041673382345054 192
1716910125778 0.01640802642214112 193
1716910125815 0.005869137339427003 194
1716910125849 0.007617995221932817 195
1716910125882 0.03207045988944758 196
1716910125914 0.12596737623347767 197
1716910125948 0.060752847198663015 198
1716910125981 0.03790321207738349 199
1716910126014 0.04047630274934428 200
1716910126047 0.038286166066037755 201
1716910126081 0.028203389507585337 202
1716910126115 0.010583172203041613 203
1716910126148 0.04231255887342351 204
1716910126181 0.10854988525222455 205
1716910126215 0.04150531068444252 206
1716910126248 0.04293935393382396 207
1716910126281 0.02875796772007431 208
1716910126314 0.034705906840307374 209
1716910126349 0.025539560576102564 210
1716910126382 0.008898577619610088 211
1716910126415 0.005671480337956122 212
1716910126448 0.0055485805371842745 213
1716910126481 0.0065879284770094925 214
1716910126514 0.1623069241094137 215
1716910126548 0.05877728994736182 216
1716910126582 0.03154673108032772 217
1716910126615 0.022488386037626436 218
1716910126647 0.05642765349641975 219
1716910126681 0.03211887979081699 220
1716910126715 0.014860391816390412 221
1716910126748 0.013924216352669256 222
1716910126783 0.016332107404845635 223
1716910126817 0.010005476718236293 224
1716910126850 0.012995685176325164 225
1716910126882 0.02027008857112378 226
1716910126916 0.01350543137440192 227
1716910126950 0.015637909594391073 228
1716910126984 0.0048919661702322105 229
1716910127016 0.04364259929362951 230
1716910127048 0.07958395699305194 231
1716910127082 0.028610309985067164 232
1716910127116 0.011466082817475711 233
1716910127149 0.007006683586431401 234
1716910127182 0.0036935164659683195 235
1716910127215 0.012452795120355274 236
1716910127248 0.002386715811943369 237
1716910127281 0.0018387196053351676 238
1716910127315 0.004233650439086237 239
1716910127348 0.0047863805666565895 240
1716910127382 0.002108771969298167 241
1716910127416 0.002074151062905522 242
1716910127448 0.1481444630938183 243
1716910127481 0.1740113773516246 244
1716910127516 0.07130629170153822 245
1716910127549 0.02605796791613102 246
1716910127583 0.012562377777482783 247
1716910127616 0.007883577341479915 248
1716910127649 0.041167329996824265 249
1716910127682 0.04464853149173515 250
