1716910119318 0.8567839195979899 1
1716910119353 0.9422110552763819 2
1716910119403 0.9673366834170855 3
1716910119437 0.9623115577889447 4
1716910119472 0.9773869346733668 5
1716910119507 0.9849246231155779 6
1716910119541 0.9673366834170855 7
1716910119577 0.9824120603015075 8
1716910119611 0.9723618090452262 9
1716910119645 0.9673366834170855 10
1716910119679 0.9673366834170855 11
1716910119712 0.9824120603015075 12
1716910119746 0.9874371859296482 13
1716910119778 0.9723618090452262 14
1716910119812 0.9723618090452262 15
1716910119846 0.9748743718592965 16
1716910119879 0.9698492462311558 17
1716910119913 0.9798994974874372 18
1716910119945 0.9748743718592965 19
1716910119978 0.9849246231155779 20
1716910120012 0.964824120603015 21
1716910120046 0.9874371859296482 22
1716910120079 0.9899497487437185 23
1716910120113 0.9798994974874372 24
1716910120147 0.9949748743718593 25
1716910120180 0.9949748743718593 26
1716910120214 0.9974874371859297 27
1716910120247 0.9974874371859297 28
1716910120280 0.992462311557789 29
1716910120315 0.9849246231155779 30
1716910120348 0.9798994974874372 31
1716910120381 0.9798994974874372 32
1716910120414 0.9949748743718593 33
1716910120448 0.9874371859296482 34
1716910120481 0.9974874371859297 35
1716910120514 0.9597989949748744 36
1716910120548 0.9698492462311558 37
1716910120581 0.992462311557789 38
1716910120614 0.9824120603015075 39
1716910120647 0.9849246231155779 40
1716910120682 0.9748743718592965 41
1716910120715 0.9899497487437185 42
1716910120749 0.9899497487437185 43
1716910120783 0.9899497487437185 44
1716910120819 1.0 45
1716910120853 0.992462311557789 46
1716910120888 0.9824120603015075 47
1716910120921 0.992462311557789 48
1716910120955 0.9673366834170855 49
1716910120988 0.9874371859296482 50
1716910121021 0.992462311557789 51
1716910121055 0.9949748743718593 52
1716910121088 0.992462311557789 53
1716910121121 0.9974874371859297 54
1716910121155 0.9849246231155779 55
1716910121189 0.9949748743718593 56
1716910121223 0.9974874371859297 57
1716910121255 0.9899497487437185 58
1716910121288 0.992462311557789 59
1716910121322 0.9949748743718593 60
1716910121354 0.9974874371859297 61
1716910121389 0.9974874371859297 62
1716910121422 0.9974874371859297 63
1716910121455 0.992462311557789 64
1716910121488 0.9773869346733668 65
1716910121521 0.9949748743718593 66
1716910121554 0.9974874371859297 67
1716910121588 0.9974874371859297 68
1716910121621 1.0 69
1716910121654 0.9974874371859297 70
1716910121688 0.9849246231155779 71
1716910121720 0.992462311557789 72
1716910121752 0.9899497487437185 73
1716910121786 0.9849246231155779 74
1716910121819 0.9899497487437185 75
1716910121853 0.9824120603015075 76
1716910121886 0.9798994974874372 77
1716910121920 0.9974874371859297 78
1716910121953 0.992462311557789 79
1716910121987 1.0 80
1716910122021 0.9899497487437185 81
1716910122054 0.992462311557789 82
1716910122087 0.9899497487437185 83
1716910122121 0.992462311557789 84
1716910122154 1.0 85
1716910122188 1.0 86
1716910122222 1.0 87
1716910122256 0.992462311557789 88
1716910122289 0.992462311557789 89
1716910122322 0.9849246231155779 90
1716910122355 0.9949748743718593 91
1716910122389 0.992462311557789 92
1716910122421 1.0 93
1716910122456 1.0 94
1716910122488 0.9849246231155779 95
1716910122521 0.9874371859296482 96
1716910122555 0.992462311557789 97
1716910122588 0.992462311557789 98
1716910122622 1.0 99
1716910122654 0.9974874371859297 100
1716910122688 0.9874371859296482 101
1716910122722 0.9748743718592965 102
1716910122756 0.992462311557789 103
1716910122788 0.9949748743718593 104
1716910122822 0.992462311557789 105
1716910122855 1.0 106
1716910122888 1.0 107
1716910122921 1.0 108
1716910122954 0.9949748743718593 109
1716910122987 1.0 110
1716910123020 0.9974874371859297 111
1716910123053 0.9974874371859297 112
1716910123087 0.9974874371859297 113
1716910123121 0.9849246231155779 114
1716910123154 0.9949748743718593 115
1716910123188 0.9974874371859297 116
1716910123223 0.9949748743718593 117
1716910123256 0.9974874371859297 118
1716910123290 0.9974874371859297 119
1716910123323 0.9899497487437185 120
1716910123358 0.992462311557789 121
1716910123391 0.9824120603015075 122
1716910123425 0.9899497487437185 123
1716910123459 0.9949748743718593 124
1716910123492 1.0 125
1716910123525 0.9949748743718593 126
1716910123559 0.9899497487437185 127
1716910123592 0.992462311557789 128
1716910123629 0.9974874371859297 129
1716910123662 0.9974874371859297 130
1716910123695 1.0 131
1716910123730 0.9949748743718593 132
1716910123763 0.9974874371859297 133
1716910123797 1.0 134
1716910123831 1.0 135
1716910123863 0.9974874371859297 136
1716910123897 0.9949748743718593 137
1716910123930 0.9849246231155779 138
1716910123964 0.9949748743718593 139
1716910123996 0.9974874371859297 140
1716910124030 0.9949748743718593 141
1716910124064 1.0 142
1716910124095 0.992462311557789 143
1716910124128 0.992462311557789 144
1716910124162 0.9949748743718593 145
1716910124195 0.9949748743718593 146
1716910124228 0.9899497487437185 147
1716910124261 0.9949748743718593 148
1716910124295 0.9974874371859297 149
1716910124329 0.9899497487437185 150
1716910124362 0.9874371859296482 151
1716910124395 0.992462311557789 152
1716910124429 0.992462311557789 153
1716910124462 1.0 154
1716910124495 1.0 155
1716910124529 1.0 156
1716910124564 1.0 157
1716910124597 0.992462311557789 158
1716910124631 0.9899497487437185 159
1716910124664 0.9974874371859297 160
1716910124698 1.0 161
1716910124731 1.0 162
1716910124765 0.9949748743718593 163
1716910124799 0.9874371859296482 164
1716910124833 0.992462311557789 165
1716910124867 0.9899497487437185 166
1716910124901 0.992462311557789 167
1716910124935 1.0 168
1716910124970 0.9949748743718593 169
1716910125003 0.9798994974874372 170
1716910125036 0.9974874371859297 171
1716910125069 0.9974874371859297 172
1716910125103 0.9899497487437185 173
1716910125136 0.9874371859296482 174
1716910125169 0.992462311557789 175
1716910125204 0.9874371859296482 176
1716910125238 0.9949748743718593 177
1716910125272 0.9974874371859297 178
1716910125305 1.0 179
1716910125339 1.0 180
1716910125372 1.0 181
1716910125406 1.0 182
1716910125439 1.0 183
1716910125473 0.9974874371859297 184
1716910125507 0.9974874371859297 185
1716910125541 1.0 186
1716910125574 1.0 187
1716910125608 1.0 188
1716910125641 0.9974874371859297 189
1716910125674 1.0 190
1716910125707 1.0 191
1716910125741 0.9974874371859297 192
1716910125776 0.9974874371859297 193
1716910125812 0.9974874371859297 194
1716910125846 0.9949748743718593 195
1716910125879 0.9974874371859297 196
1716910125912 0.9849246231155779 197
1716910125945 0.9849246231155779 198
1716910125978 0.9874371859296482 199
1716910126011 0.992462311557789 200
1716910126045 0.9899497487437185 201
1716910126078 0.9874371859296482 202
1716910126112 0.9949748743718593 203
1716910126145 0.9949748743718593 204
1716910126179 0.9824120603015075 205
1716910126212 0.9849246231155779 206
1716910126245 0.9974874371859297 207
1716910126278 0.9899497487437185 208
1716910126312 0.9949748743718593 209
1716910126346 0.9849246231155779 210
1716910126379 0.9974874371859297 211
1716910126412 1.0 212
1716910126445 0.9974874371859297 213
1716910126479 0.9974874371859297 214
1716910126512 0.9949748743718593 215
1716910126545 0.9798994974874372 216
1716910126579 0.9899497487437185 217
1716910126612 0.992462311557789 218
1716910126645 0.992462311557789 219
1716910126679 0.9874371859296482 220
1716910126712 0.9974874371859297 221
1716910126746 0.9974874371859297 222
1716910126780 0.992462311557789 223
1716910126814 0.9974874371859297 224
1716910126847 0.9949748743718593 225
1716910126879 0.9949748743718593 226
1716910126913 0.9949748743718593 227
1716910126947 0.9974874371859297 228
1716910126981 1.0 229
1716910127013 0.9949748743718593 230
1716910127046 0.9748743718592965 231
1716910127079 0.992462311557789 232
1716910127113 0.9974874371859297 233
1716910127147 1.0 234
1716910127180 1.0 235
1716910127213 0.9949748743718593 236
1716910127245 1.0 237
1716910127279 1.0 238
1716910127313 0.9974874371859297 239
1716910127345 0.9974874371859297 240
1716910127379 1.0 241
1716910127413 1.0 242
1716910127446 0.9899497487437185 243
1716910127479 0.9673366834170855 244
1716910127513 0.9773869346733668 245
1716910127547 0.9949748743718593 246
1716910127580 1.0 247
1716910127613 1.0 248
1716910127646 0.992462311557789 249
1716910127679 0.9849246231155779 250
