1716910119319 0.7804878048780488 1
1716910119354 0.9090909090909091 2
1716910119403 0.9473684210526315 3
1716910119438 0.9652777777777778 4
1716910119472 0.972972972972973 5
1716910119507 0.993103448275862 6
1716910119542 0.9788732394366197 7
1716910119578 0.961038961038961 8
1716910119612 0.9791666666666666 9
1716910119645 0.9594594594594594 10
1716910119679 0.9722222222222222 11
1716910119713 0.9863013698630136 12
1716910119746 0.9864864864864865 13
1716910119779 0.9928571428571429 14
1716910119813 0.9539473684210527 15
1716910119846 0.986013986013986 16
1716910119880 0.9790209790209791 17
1716910119913 0.9548387096774194 18
1716910119945 0.9727891156462585 19
1716910119979 0.993103448275862 20
1716910120012 0.9192546583850931 21
1716910120046 0.9931506849315068 22
1716910120080 1.0 23
1716910120113 0.9731543624161074 24
1716910120147 0.9932885906040269 25
1716910120180 0.9932885906040269 26
1716910120214 1.0 27
1716910120248 1.0 28
1716910120281 0.9802631578947368 29
1716910120315 1.0 30
1716910120349 0.9607843137254902 31
1716910120381 0.9731543624161074 32
1716910120415 1.0 33
1716910120448 0.98 34
1716910120481 1.0 35
1716910120515 0.9403973509933775 36
1716910120548 0.9536423841059603 37
1716910120581 1.0 38
1716910120614 0.961038961038961 39
1716910120648 1.0 40
1716910120682 0.9602649006622517 41
1716910120715 0.9865771812080537 42
1716910120750 0.9931972789115646 43
1716910120784 0.9865771812080537 44
1716910120820 1.0 45
1716910120854 0.9866666666666667 46
1716910120888 0.9733333333333334 47
1716910120922 1.0 48
1716910120955 0.9358974358974359 49
1716910120988 1.0 50
1716910121021 0.9932432432432432 51
1716910121055 1.0 52
1716910121089 0.9932432432432432 53
1716910121122 1.0 54
1716910121155 0.9735099337748344 55
1716910121190 1.0 56
1716910121223 1.0 57
1716910121256 0.9865771812080537 58
1716910121289 1.0 59
1716910121322 0.9932885906040269 60
1716910121355 0.9933333333333333 61
1716910121389 1.0 62
1716910121422 0.9933333333333333 63
1716910121456 0.9932432432432432 64
1716910121489 0.9794520547945206 65
1716910121521 1.0 66
1716910121555 0.9933333333333333 67
1716910121588 1.0 68
1716910121621 1.0 69
1716910121655 0.9933333333333333 70
1716910121688 0.9863945578231292 71
1716910121720 0.9932432432432432 72
1716910121753 0.9738562091503268 73
1716910121787 0.993103448275862 74
1716910121820 0.9931972789115646 75
1716910121853 0.9551282051282052 76
1716910121887 0.9795918367346939 77
1716910121920 1.0 78
1716910121954 0.9932432432432432 79
1716910121987 1.0 80
1716910122021 0.9865771812080537 81
1716910122055 0.9866666666666667 82
1716910122088 0.9931972789115646 83
1716910122122 1.0 84
1716910122155 1.0 85
1716910122189 1.0 86
1716910122223 1.0 87
1716910122256 0.9866666666666667 88
1716910122289 0.9866666666666667 89
1716910122323 0.9735099337748344 90
1716910122355 1.0 91
1716910122389 0.9802631578947368 92
1716910122422 1.0 93
1716910122456 1.0 94
1716910122489 0.9798657718120806 95
1716910122522 1.0 96
1716910122555 0.9802631578947368 97
1716910122588 0.9866666666666667 98
1716910122622 1.0 99
1716910122655 1.0 100
1716910122688 1.0 101
1716910122723 0.9371069182389937 102
1716910122756 0.9802631578947368 103
1716910122789 1.0 104
1716910122823 0.9866666666666667 105
1716910122856 1.0 106
1716910122889 1.0 107
1716910122921 1.0 108
1716910122955 0.9932885906040269 109
1716910122987 1.0 110
1716910123020 1.0 111
1716910123054 0.9933333333333333 112
1716910123088 0.9933333333333333 113
1716910123121 1.0 114
1716910123155 0.9867549668874173 115
1716910123188 1.0 116
1716910123223 0.9867549668874173 117
1716910123256 0.9933333333333333 118
1716910123290 1.0 119
1716910123324 0.9931972789115646 120
1716910123358 0.9932432432432432 121
1716910123391 0.9551282051282052 122
1716910123426 1.0 123
1716910123459 1.0 124
1716910123492 1.0 125
1716910123526 0.9932885906040269 126
1716910123560 0.9865771812080537 127
1716910123593 1.0 128
1716910123630 0.9933333333333333 129
1716910123662 0.9933333333333333 130
1716910123696 1.0 131
1716910123730 1.0 132
1716910123763 1.0 133
1716910123797 1.0 134
1716910123831 1.0 135
1716910123864 0.9933333333333333 136
1716910123898 1.0 137
1716910123931 0.9673202614379085 138
1716910123965 1.0 139
1716910123997 1.0 140
1716910124030 1.0 141
1716910124064 1.0 142
1716910124096 0.9932432432432432 143
1716910124129 0.9802631578947368 144
1716910124162 0.9932885906040269 145
1716910124196 0.9932885906040269 146
1716910124229 1.0 147
1716910124262 0.9932885906040269 148
1716910124295 0.9933333333333333 149
1716910124329 0.9931972789115646 150
1716910124363 0.98 151
1716910124396 1.0 152
1716910124429 0.9932432432432432 153
1716910124462 1.0 154
1716910124496 1.0 155
1716910124529 1.0 156
1716910124564 1.0 157
1716910124597 0.9866666666666667 158
1716910124631 1.0 159
1716910124664 1.0 160
1716910124699 1.0 161
1716910124732 1.0 162
1716910124766 0.9867549668874173 163
1716910124800 1.0 164
1716910124834 0.9866666666666667 165
1716910124867 0.9865771812080537 166
1716910124901 0.9932432432432432 167
1716910124936 1.0 168
1716910124970 1.0 169
1716910125003 0.9607843137254902 170
1716910125036 1.0 171
1716910125070 0.9933333333333333 172
1716910125104 1.0 173
1716910125136 0.9931506849315068 174
1716910125170 0.9866666666666667 175
1716910125204 0.9736842105263158 176
1716910125238 0.9932885906040269 177
1716910125272 1.0 178
1716910125306 1.0 179
1716910125339 1.0 180
1716910125372 1.0 181
1716910125406 1.0 182
1716910125440 1.0 183
1716910125473 0.9933333333333333 184
1716910125507 0.9933333333333333 185
1716910125542 1.0 186
1716910125575 1.0 187
1716910125608 1.0 188
1716910125641 1.0 189
1716910125674 1.0 190
1716910125708 1.0 191
1716910125742 1.0 192
1716910125776 0.9933333333333333 193
1716910125813 1.0 194
1716910125846 1.0 195
1716910125879 0.9933333333333333 196
1716910125912 0.9863945578231292 197
1716910125946 1.0 198
1716910125979 0.9931506849315068 199
1716910126012 0.9932432432432432 200
1716910126045 0.9931972789115646 201
1716910126079 0.9736842105263158 202
1716910126112 1.0 203
1716910126146 1.0 204
1716910126179 0.961038961038961 205
1716910126213 1.0 206
1716910126246 1.0 207
1716910126279 0.9931972789115646 208
1716910126312 1.0 209
1716910126346 0.9735099337748344 210
1716910126379 1.0 211
1716910126412 1.0 212
1716910126446 0.9933333333333333 213
1716910126479 1.0 214
1716910126512 0.9867549668874173 215
1716910126546 1.0 216
1716910126579 0.9801324503311258 217
1716910126613 1.0 218
1716910126645 0.9866666666666667 219
1716910126679 0.9931506849315068 220
1716910126713 1.0 221
1716910126746 0.9933333333333333 222
1716910126780 1.0 223
1716910126814 0.9933333333333333 224
1716910126847 1.0 225
1716910126880 0.9932885906040269 226
1716910126914 0.9932885906040269 227
1716910126948 1.0 228
1716910126982 1.0 229
1716910127014 0.9932885906040269 230
1716910127046 0.9426751592356688 231
1716910127079 1.0 232
1716910127113 1.0 233
1716910127147 1.0 234
1716910127180 1.0 235
1716910127213 0.9932885906040269 236
1716910127246 1.0 237
1716910127279 1.0 238
1716910127313 0.9933333333333333 239
1716910127346 1.0 240
1716910127379 1.0 241
1716910127413 1.0 242
1716910127446 1.0 243
1716910127479 0.925 244
1716910127513 0.9545454545454546 245
1716910127547 1.0 246
1716910127581 1.0 247
1716910127614 1.0 248
1716910127646 0.9932432432432432 249
1716910127680 0.9673202614379085 250
