1716910119319 0.817891373801917 1
1716910119354 0.9240924092409241 2
1716910119404 0.9568106312292358 3
1716910119439 0.9488054607508531 4
1716910119473 0.9696969696969697 5
1716910119508 0.9795918367346937 6
1716910119542 0.9553264604810996 7
1716910119578 0.9768976897689768 8
1716910119612 0.962457337883959 9
1716910119646 0.9562289562289561 10
1716910119680 0.9556313993174061 11
1716910119713 0.9762711864406781 12
1716910119747 0.9831649831649831 13
1716910119779 0.9619377162629759 14
1716910119813 0.9634551495016611 15
1716910119847 0.9657534246575343 16
1716910119880 0.958904109589041 17
1716910119914 0.9736842105263157 18
1716910119946 0.9662162162162162 19
1716910119980 0.9795918367346937 20
1716910120013 0.9548387096774195 21
1716910120047 0.983050847457627 22
1716910120081 0.9863945578231292 23
1716910120114 0.9731543624161074 24
1716910120148 0.9932885906040269 25
1716910120181 0.9932885906040269 26
1716910120215 0.9966329966329966 27
1716910120248 0.9966329966329966 28
1716910120281 0.9900332225913622 29
1716910120316 0.9794520547945206 30
1716910120349 0.9735099337748345 31
1716910120382 0.9731543624161074 32
1716910120416 0.9932432432432432 33
1716910120449 0.9832775919732442 34
1716910120482 0.9966329966329966 35
1716910120515 0.9466666666666667 36
1716910120549 0.9600000000000001 37
1716910120582 0.9898305084745762 38
1716910120615 0.9768976897689768 39
1716910120648 0.9794520547945206 40
1716910120683 0.9666666666666668 41
1716910120716 0.9865771812080537 42
1716910120751 0.9864864864864865 43
1716910120784 0.9865771812080537 44
1716910120820 1.0 45
1716910120855 0.9899665551839465 46
1716910120889 0.9765886287625419 47
1716910120922 0.9898305084745762 48
1716910120956 0.957377049180328 49
1716910120989 0.9829351535836178 50
1716910121022 0.9898989898989898 51
1716910121056 0.9932432432432432 52
1716910121090 0.9898989898989898 53
1716910121122 0.9966329966329966 54
1716910121156 0.98 55
1716910121190 0.9932432432432432 56
1716910121224 0.9966329966329966 57
1716910121256 0.9865771812080537 58
1716910121289 0.9898305084745762 59
1716910121323 0.9932885906040269 60
1716910121356 0.9966555183946488 61
1716910121390 0.9966329966329966 62
1716910121423 0.9966555183946488 63
1716910121456 0.9898989898989898 64
1716910121489 0.9694915254237289 65
1716910121522 0.9932432432432432 66
1716910121555 0.9966555183946488 67
1716910121589 0.9966329966329966 68
1716910121622 1.0 69
1716910121656 0.9966555183946488 70
1716910121689 0.9797297297297297 71
1716910121721 0.9898989898989898 72
1716910121754 0.9867549668874172 73
1716910121787 0.9795918367346937 74
1716910121820 0.9864864864864865 75
1716910121854 0.9770491803278688 76
1716910121887 0.9729729729729729 77
1716910121921 0.9966329966329966 78
1716910121954 0.9898989898989898 79
1716910121988 1.0 80
1716910122022 0.9865771812080537 81
1716910122055 0.9899665551839465 82
1716910122088 0.9864864864864865 83
1716910122122 0.9898305084745762 84
1716910122155 1.0 85
1716910122189 1.0 86
1716910122223 1.0 87
1716910122257 0.9899665551839465 88
1716910122290 0.9899665551839465 89
1716910122323 0.98 90
1716910122356 0.9932432432432432 91
1716910122390 0.9900332225913622 92
1716910122423 1.0 93
1716910122457 1.0 94
1716910122489 0.9798657718120806 95
1716910122522 0.9829351535836178 96
1716910122556 0.9900332225913622 97
1716910122589 0.9899665551839465 98
1716910122622 1.0 99
1716910122655 0.9966329966329966 100
1716910122689 0.9829351535836178 101
1716910122723 0.9675324675324676 102
1716910122757 0.9900332225913622 103
1716910122790 0.9932432432432432 104
1716910122823 0.9899665551839465 105
1716910122856 1.0 106
1716910122889 1.0 107
1716910122922 1.0 108
1716910122955 0.9932885906040269 109
1716910122988 1.0 110
1716910123021 0.9966329966329966 111
1716910123054 0.9966555183946488 112
1716910123089 0.9966555183946488 113
1716910123122 0.9794520547945206 114
1716910123155 0.9933333333333334 115
1716910123189 0.9966329966329966 116
1716910123224 0.9933333333333334 117
1716910123257 0.9966555183946488 118
1716910123291 0.9966329966329966 119
1716910123325 0.9864864864864865 120
1716910123359 0.9898989898989898 121
1716910123392 0.9770491803278688 122
1716910123426 0.9863945578231292 123
1716910123460 0.9932432432432432 124
1716910123493 1.0 125
1716910123526 0.9932885906040269 126
1716910123561 0.9865771812080537 127
1716910123594 0.9898305084745762 128
1716910123630 0.9966555183946488 129
1716910123663 0.9966555183946488 130
1716910123696 1.0 131
1716910123731 0.9932432432432432 132
1716910123764 0.9966329966329966 133
1716910123798 1.0 134
1716910123832 1.0 135
1716910123865 0.9966555183946488 136
1716910123898 0.9932432432432432 137
1716910123931 0.9801324503311258 138
1716910123965 0.9932432432432432 139
1716910123997 0.9966329966329966 140
1716910124031 0.9932432432432432 141
1716910124065 1.0 142
1716910124096 0.9898989898989898 143
1716910124129 0.9900332225913622 144
1716910124163 0.9932885906040269 145
1716910124196 0.9932885906040269 146
1716910124229 0.9863945578231292 147
1716910124262 0.9932885906040269 148
1716910124296 0.9966555183946488 149
1716910124330 0.9864864864864865 150
1716910124363 0.9832775919732442 151
1716910124396 0.9898305084745762 152
1716910124430 0.9898989898989898 153
1716910124463 1.0 154
1716910124497 1.0 155
1716910124530 1.0 156
1716910124565 1.0 157
1716910124598 0.9899665551839465 158
1716910124632 0.9863945578231292 159
1716910124665 0.9966329966329966 160
1716910124699 1.0 161
1716910124732 1.0 162
1716910124767 0.9933333333333334 163
1716910124801 0.9829351535836178 164
1716910124834 0.9899665551839465 165
1716910124868 0.9865771812080537 166
1716910124902 0.9898989898989898 167
1716910124936 1.0 168
1716910124971 0.9932432432432432 169
1716910125004 0.9735099337748345 170
1716910125037 0.9966329966329966 171
1716910125070 0.9966555183946488 172
1716910125104 0.9863945578231292 173
1716910125137 0.983050847457627 174
1716910125171 0.9899665551839465 175
1716910125205 0.9833887043189369 176
1716910125239 0.9932885906040269 177
1716910125273 0.9966329966329966 178
1716910125307 1.0 179
1716910125340 1.0 180
1716910125373 1.0 181
1716910125407 1.0 182
1716910125441 1.0 183
1716910125474 0.9966555183946488 184
1716910125508 0.9966555183946488 185
1716910125542 1.0 186
1716910125575 1.0 187
1716910125609 1.0 188
1716910125642 0.9966329966329966 189
1716910125675 1.0 190
1716910125708 1.0 191
1716910125742 0.9966329966329966 192
1716910125777 0.9966555183946488 193
1716910125813 0.9966329966329966 194
1716910125847 0.9932432432432432 195
1716910125880 0.9966555183946488 196
1716910125913 0.9797297297297297 197
1716910125946 0.9794520547945206 198
1716910125979 0.983050847457627 199
1716910126013 0.9898989898989898 200
1716910126046 0.9864864864864865 201
1716910126079 0.9833887043189369 202
1716910126113 0.9932432432432432 203
1716910126147 0.9932432432432432 204
1716910126180 0.9768976897689768 205
1716910126213 0.9794520547945206 206
1716910126246 0.9966329966329966 207
1716910126279 0.9864864864864865 208
1716910126313 0.9932432432432432 209
1716910126347 0.98 210
1716910126380 0.9966329966329966 211
1716910126413 1.0 212
1716910126447 0.9966555183946488 213
1716910126480 0.9966329966329966 214
1716910126513 0.9933333333333334 215
1716910126546 0.9724137931034482 216
1716910126580 0.9866666666666667 217
1716910126613 0.9898305084745762 218
1716910126646 0.9899665551839465 219
1716910126680 0.983050847457627 220
1716910126713 0.9966329966329966 221
1716910126747 0.9966555183946488 222
1716910126781 0.9898305084745762 223
1716910126815 0.9966555183946488 224
1716910126848 0.9932432432432432 225
1716910126880 0.9932885906040269 226
1716910126914 0.9932885906040269 227
1716910126948 0.9966329966329966 228
1716910126982 1.0 229
1716910127014 0.9932885906040269 230
1716910127047 0.9673202614379084 231
1716910127080 0.9898305084745762 232
1716910127114 0.9966329966329966 233
1716910127148 1.0 234
1716910127181 1.0 235
1716910127214 0.9932885906040269 236
1716910127247 1.0 237
1716910127280 1.0 238
1716910127314 0.9966555183946488 239
1716910127346 0.9966329966329966 240
1716910127380 1.0 241
1716910127414 1.0 242
1716910127447 0.9863945578231292 243
1716910127480 0.9579288025889967 244
1716910127514 0.9702970297029703 245
1716910127548 0.9932432432432432 246
1716910127581 1.0 247
1716910127614 1.0 248
1716910127647 0.9898989898989898 249
1716910127680 0.9801324503311258 250
