1716910119319 0.8590604026845637 1
1716910119354 0.9395973154362416 2
1716910119403 0.9664429530201343 3
1716910119438 0.9328859060402684 4
1716910119473 0.9664429530201343 5
1716910119508 0.9664429530201343 6
1716910119542 0.9328859060402684 7
1716910119578 0.9932885906040269 8
1716910119612 0.9463087248322147 9
1716910119646 0.9530201342281879 10
1716910119680 0.9395973154362416 11
1716910119713 0.9664429530201343 12
1716910119747 0.9798657718120806 13
1716910119779 0.9328859060402684 14
1716910119813 0.9731543624161074 15
1716910119846 0.9463087248322147 16
1716910119880 0.9395973154362416 17
1716910119913 0.9932885906040269 18
1716910119946 0.959731543624161 19
1716910119979 0.9664429530201343 20
1716910120012 0.9932885906040269 21
1716910120046 0.9731543624161074 22
1716910120080 0.9731543624161074 23
1716910120113 0.9731543624161074 24
1716910120148 0.9932885906040269 25
1716910120181 0.9932885906040269 26
1716910120214 0.9932885906040269 27
1716910120248 0.9932885906040269 28
1716910120281 1.0 29
1716910120315 0.959731543624161 30
1716910120349 0.9865771812080537 31
1716910120382 0.9731543624161074 32
1716910120415 0.9865771812080537 33
1716910120449 0.9865771812080537 34
1716910120482 0.9932885906040269 35
1716910120515 0.9530201342281879 36
1716910120548 0.9664429530201343 37
1716910120581 0.9798657718120806 38
1716910120615 0.9932885906040269 39
1716910120648 0.959731543624161 40
1716910120683 0.9731543624161074 41
1716910120716 0.9865771812080537 42
1716910120750 0.9798657718120806 43
1716910120784 0.9865771812080537 44
1716910120820 1.0 45
1716910120854 0.9932885906040269 46
1716910120888 0.9798657718120806 47
1716910120922 0.9798657718120806 48
1716910120955 0.9798657718120806 49
1716910120988 0.9664429530201343 50
1716910121022 0.9865771812080537 51
1716910121056 0.9865771812080537 52
1716910121089 0.9865771812080537 53
1716910121122 0.9932885906040269 54
1716910121156 0.9865771812080537 55
1716910121190 0.9865771812080537 56
1716910121223 0.9932885906040269 57
1716910121256 0.9865771812080537 58
1716910121289 0.9798657718120806 59
1716910121323 0.9932885906040269 60
1716910121355 1.0 61
1716910121390 0.9932885906040269 62
1716910121422 1.0 63
1716910121456 0.9865771812080537 64
1716910121489 0.959731543624161 65
1716910121522 0.9865771812080537 66
1716910121555 1.0 67
1716910121588 0.9932885906040269 68
1716910121622 1.0 69
1716910121655 1.0 70
1716910121688 0.9731543624161074 71
1716910121721 0.9865771812080537 72
1716910121753 1.0 73
1716910121787 0.9664429530201343 74
1716910121820 0.9798657718120806 75
1716910121853 1.0 76
1716910121887 0.9664429530201343 77
1716910121921 0.9932885906040269 78
1716910121954 0.9865771812080537 79
1716910121988 1.0 80
1716910122022 0.9865771812080537 81
1716910122055 0.9932885906040269 82
1716910122088 0.9798657718120806 83
1716910122122 0.9798657718120806 84
1716910122155 1.0 85
1716910122189 1.0 86
1716910122223 1.0 87
1716910122257 0.9932885906040269 88
1716910122289 0.9932885906040269 89
1716910122323 0.9865771812080537 90
1716910122355 0.9865771812080537 91
1716910122389 1.0 92
1716910122422 1.0 93
1716910122457 1.0 94
1716910122489 0.9798657718120806 95
1716910122522 0.9664429530201343 96
1716910122556 1.0 97
1716910122589 0.9932885906040269 98
1716910122622 1.0 99
1716910122655 0.9932885906040269 100
1716910122689 0.9664429530201343 101
1716910122723 1.0 102
1716910122756 1.0 103
1716910122789 0.9865771812080537 104
1716910122823 0.9932885906040269 105
1716910122856 1.0 106
1716910122889 1.0 107
1716910122922 1.0 108
1716910122955 0.9932885906040269 109
1716910122988 1.0 110
1716910123021 0.9932885906040269 111
1716910123054 1.0 112
1716910123088 1.0 113
1716910123122 0.959731543624161 114
1716910123155 1.0 115
1716910123189 0.9932885906040269 116
1716910123224 1.0 117
1716910123257 1.0 118
1716910123290 0.9932885906040269 119
1716910123324 0.9798657718120806 120
1716910123358 0.9865771812080537 121
1716910123392 1.0 122
1716910123426 0.9731543624161074 123
1716910123459 0.9865771812080537 124
1716910123492 1.0 125
1716910123526 0.9932885906040269 126
1716910123560 0.9865771812080537 127
1716910123593 0.9798657718120806 128
1716910123630 1.0 129
1716910123663 1.0 130
1716910123696 1.0 131
1716910123730 0.9865771812080537 132
1716910123764 0.9932885906040269 133
1716910123797 1.0 134
1716910123831 1.0 135
1716910123864 1.0 136
1716910123898 0.9865771812080537 137
1716910123931 0.9932885906040269 138
1716910123965 0.9865771812080537 139
1716910123997 0.9932885906040269 140
1716910124031 0.9865771812080537 141
1716910124065 1.0 142
1716910124096 0.9865771812080537 143
1716910124129 1.0 144
1716910124163 0.9932885906040269 145
1716910124196 0.9932885906040269 146
1716910124229 0.9731543624161074 147
1716910124262 0.9932885906040269 148
1716910124295 1.0 149
1716910124329 0.9798657718120806 150
1716910124363 0.9865771812080537 151
1716910124396 0.9798657718120806 152
1716910124430 0.9865771812080537 153
1716910124462 1.0 154
1716910124496 1.0 155
1716910124530 1.0 156
1716910124565 1.0 157
1716910124598 0.9932885906040269 158
1716910124631 0.9731543624161074 159
1716910124665 0.9932885906040269 160
1716910124699 1.0 161
1716910124732 1.0 162
1716910124766 1.0 163
1716910124800 0.9664429530201343 164
1716910124834 0.9932885906040269 165
1716910124868 0.9865771812080537 166
1716910124901 0.9865771812080537 167
1716910124936 1.0 168
1716910124970 0.9865771812080537 169
1716910125003 0.9865771812080537 170
1716910125037 0.9932885906040269 171
1716910125070 1.0 172
1716910125104 0.9731543624161074 173
1716910125137 0.9731543624161074 174
1716910125170 0.9932885906040269 175
1716910125205 0.9932885906040269 176
1716910125239 0.9932885906040269 177
1716910125272 0.9932885906040269 178
1716910125306 1.0 179
1716910125340 1.0 180
1716910125373 1.0 181
1716910125407 1.0 182
1716910125440 1.0 183
1716910125473 1.0 184
1716910125507 1.0 185
1716910125542 1.0 186
1716910125575 1.0 187
1716910125608 1.0 188
1716910125641 0.9932885906040269 189
1716910125674 1.0 190
1716910125708 1.0 191
1716910125742 0.9932885906040269 192
1716910125776 1.0 193
1716910125813 0.9932885906040269 194
1716910125847 0.9865771812080537 195
1716910125880 1.0 196
1716910125912 0.9731543624161074 197
1716910125946 0.959731543624161 198
1716910125979 0.9731543624161074 199
1716910126012 0.9865771812080537 200
1716910126046 0.9798657718120806 201
1716910126079 0.9932885906040269 202
1716910126113 0.9865771812080537 203
1716910126146 0.9865771812080537 204
1716910126179 0.9932885906040269 205
1716910126213 0.959731543624161 206
1716910126246 0.9932885906040269 207
1716910126279 0.9798657718120806 208
1716910126312 0.9865771812080537 209
1716910126347 0.9865771812080537 210
1716910126380 0.9932885906040269 211
1716910126413 1.0 212
1716910126446 1.0 213
1716910126480 0.9932885906040269 214
1716910126512 1.0 215
1716910126546 0.9463087248322147 216
1716910126579 0.9932885906040269 217
1716910126613 0.9798657718120806 218
1716910126646 0.9932885906040269 219
1716910126680 0.9731543624161074 220
1716910126713 0.9932885906040269 221
1716910126746 1.0 222
1716910126780 0.9798657718120806 223
1716910126815 1.0 224
1716910126848 0.9865771812080537 225
1716910126880 0.9932885906040269 226
1716910126914 0.9932885906040269 227
1716910126948 0.9932885906040269 228
1716910126982 1.0 229
1716910127014 0.9932885906040269 230
1716910127047 0.9932885906040269 231
1716910127080 0.9798657718120806 232
1716910127114 0.9932885906040269 233
1716910127148 1.0 234
1716910127180 1.0 235
1716910127213 0.9932885906040269 236
1716910127246 1.0 237
1716910127279 1.0 238
1716910127313 1.0 239
1716910127346 0.9932885906040269 240
1716910127380 1.0 241
1716910127414 1.0 242
1716910127447 0.9731543624161074 243
1716910127479 0.9932885906040269 244
1716910127514 0.9865771812080537 245
1716910127547 0.9865771812080537 246
1716910127581 1.0 247
1716910127614 1.0 248
1716910127647 0.9865771812080537 249
1716910127680 0.9932885906040269 250
