1716909795384 0.8482758620689655 1
1716909795420 0.9559322033898304 2
1716909795453 0.9427609427609427 3
1716909795489 0.9520547945205479 4
1716909795522 0.9666666666666668 5
1716909795556 0.9517241379310345 6
1716909795591 0.9530201342281879 7
1716909795624 0.9655172413793103 8
1716909795658 0.9632107023411371 9
1716909795692 0.9568106312292358 10
1716909795728 0.9863945578231292 11
1716909795763 0.9932885906040269 12
1716909795797 0.9831649831649831 13
1716909795831 0.9867549668874172 14
1716909795865 0.9932885906040269 15
1716909795901 0.9932432432432432 16
1716909795935 0.9899665551839465 17
1716909795969 0.9898989898989898 18
1716909796004 0.9664429530201343 19
1716909796038 0.9865771812080537 20
1716909796072 0.9798657718120806 21
1716909796106 0.9320388349514563 22
1716909796140 0.983050847457627 23
1716909796174 0.9832775919732442 24
1716909796209 0.9966329966329966 25
1716909796243 0.9865771812080537 26
1716909796277 0.9731543624161074 27
1716909796312 0.9733333333333333 28
1716909796346 0.9898305084745762 29
1716909796382 0.9899665551839465 30
