1716909795384 0.825503355704698 1
1716909795419 0.9463087248322147 2
1716909795452 0.9395973154362416 3
1716909795488 0.9328859060402684 4
1716909795522 0.9731543624161074 5
1716909795556 0.9261744966442953 6
1716909795590 0.9530201342281879 7
1716909795624 0.9395973154362416 8
1716909795658 0.9664429530201343 9
1716909795692 0.9664429530201343 10
1716909795728 0.9731543624161074 11
1716909795763 0.9932885906040269 12
1716909795797 0.9798657718120806 13
1716909795831 1.0 14
1716909795865 0.9932885906040269 15
1716909795900 0.9865771812080537 16
1716909795935 0.9932885906040269 17
1716909795969 0.9865771812080537 18
1716909796003 0.9664429530201343 19
1716909796037 0.9865771812080537 20
1716909796071 0.9798657718120806 21
1716909796105 0.9664429530201343 22
1716909796140 0.9731543624161074 23
1716909796174 0.9865771812080537 24
1716909796208 0.9932885906040269 25
1716909796243 0.9865771812080537 26
1716909796277 0.9731543624161074 27
1716909796312 0.9798657718120806 28
1716909796346 0.9798657718120806 29
1716909796382 0.9932885906040269 30
