1716909795383 0.8723404255319149 1
1716909795419 0.9657534246575342 2
1716909795452 0.9459459459459459 3
1716909795488 0.972027972027972 4
1716909795521 0.9602649006622517 5
1716909795556 0.9787234042553191 6
1716909795590 0.9530201342281879 7
1716909795624 0.9929078014184397 8
1716909795658 0.96 9
1716909795692 0.9473684210526315 10
1716909795728 1.0 11
1716909795762 0.9932885906040269 12
1716909795797 0.9864864864864865 13
1716909795830 0.9738562091503268 14
1716909795865 0.9932885906040269 15
1716909795900 1.0 16
1716909795935 0.9866666666666667 17
1716909795969 0.9932432432432432 18
1716909796003 0.9664429530201343 19
1716909796037 0.9865771812080537 20
1716909796071 0.9798657718120806 21
1716909796105 0.9 22
1716909796139 0.9931506849315068 23
1716909796173 0.98 24
1716909796208 1.0 25
1716909796243 0.9865771812080537 26
1716909796277 0.9731543624161074 27
1716909796312 0.9668874172185431 28
1716909796346 1.0 29
1716909796381 0.9866666666666667 30
