1716909795383 0.8894472361809045 1
1716909795418 0.9673366834170855 2
1716909795451 0.957286432160804 3
1716909795487 0.964824120603015 4
1716909795521 0.9748743718592965 5
1716909795555 0.964824120603015 6
1716909795590 0.964824120603015 7
1716909795623 0.9748743718592965 8
1716909795657 0.9723618090452262 9
1716909795691 0.9673366834170855 10
1716909795727 0.9899497487437185 11
1716909795762 0.9949748743718593 12
1716909795796 0.9874371859296482 13
1716909795830 0.9899497487437185 14
1716909795864 0.9949748743718593 15
1716909795899 0.9949748743718593 16
1716909795934 0.992462311557789 17
1716909795968 0.992462311557789 18
1716909796002 0.9748743718592965 19
1716909796036 0.9899497487437185 20
1716909796070 0.9849246231155779 21
1716909796105 0.9472361809045227 22
1716909796139 0.9874371859296482 23
1716909796173 0.9874371859296482 24
1716909796207 0.9974874371859297 25
1716909796242 0.9899497487437185 26
1716909796276 0.9798994974874372 27
1716909796311 0.9798994974874372 28
1716909796345 0.992462311557789 29
1716909796381 0.992462311557789 30
