1716909795386 0.3276039170367377 1
1716909795421 0.12342626601457596 2
1716909795455 0.17521554550954274 3
1716909795490 0.09874704054423741 4
1716909795524 0.06164088313068662 5
1716909795558 0.0982512656067099 6
1716909795593 0.11756014611039843 7
1716909795626 0.09335542363779885 8
1716909795660 0.07904369916234698 9
1716909795695 0.10718590925846781 10
1716909795730 0.04545226413756609 11
1716909795765 0.023411970984722887 12
1716909795799 0.02809066398601447 13
1716909795833 0.03481995414144227 14
1716909795867 0.021736664165343558 15
1716909795902 0.021789667329617908 16
1716909795937 0.02613008235182081 17
1716909795971 0.019460670916097506 18
1716909796005 0.11249930504709482 19
1716909796039 0.0403046046516725 20
1716909796073 0.056725094094872475 21
1716909796108 0.12386873896632876 22
1716909796142 0.1149375152641109 23
1716909796176 0.035529038070568016 24
1716909796211 0.018462654735360826 25
1716909796245 0.026480457013739005 26
1716909796279 0.04480108033333506 27
1716909796314 0.03857663383574358 28
1716909796349 0.02346354303881526 29
1716909796384 0.016093638792101825 30
