1716908779891 0.8192090395480226 1
1716908779928 0.8932584269662921 2
1716908779964 0.96875 3
1716908780002 0.9820359281437125 4
1716908780039 0.9939393939393939 5
1716908780074 0.9408284023668639 6
1716908780110 0.930635838150289 7
1716908780144 0.9871794871794872 8
1716908780180 0.9693251533742331 9
1716908780216 0.9879518072289156 10
1716908780252 0.968944099378882 11
1716908780286 0.975 12
1716908780322 0.9318181818181818 13
1716908780358 0.9488636363636364 14
1716908780393 0.98125 15
1716908780429 0.9938271604938271 16
1716908780465 0.9821428571428571 17
1716908780502 0.9939393939393939 18
1716908780538 0.9822485207100592 19
1716908780572 0.9693251533742331 20
1716908780607 0.9647058823529412 21
1716908780642 1.0 22
1716908780677 1.0 23
1716908780713 1.0 24
1716908780747 0.9939759036144579 25
1716908780782 0.9585798816568047 26
1716908780816 0.9878048780487805 27
1716908780851 0.9766081871345029 28
1716908780887 0.9709302325581395 29
1716908780922 0.9940119760479041 30
1716908780958 0.9880239520958084 31
1716908780994 1.0 32
1716908781029 0.9880952380952381 33
1716908781065 0.9431818181818182 34
1716908781100 1.0 35
1716908781135 0.9764705882352941 36
1716908781171 1.0 37
1716908781206 0.9705882352941176 38
1716908781240 0.9938650306748467 39
1716908781276 0.9875 40
1716908781312 0.9939024390243902 41
1716908781347 0.9940119760479041 42
1716908781383 1.0 43
1716908781418 0.9939759036144579 44
1716908781453 1.0 45
1716908781488 0.9698795180722891 46
1716908781524 1.0 47
1716908781560 0.9939759036144579 48
1716908781595 0.9757575757575757 49
1716908781631 1.0 50
1716908781666 0.9880952380952381 51
1716908781702 1.0 52
1716908781737 0.9940119760479041 53
1716908781783 0.9766081871345029 54
1716908781819 0.9878787878787879 55
1716908781854 1.0 56
1716908781890 0.9640718562874252 57
1716908781926 1.0 58
1716908781960 0.9644970414201184 59
1716908781994 1.0 60
1716908782030 0.9939759036144579 61
1716908782066 0.9709302325581395 62
1716908782101 1.0 63
1716908782136 1.0 64
1716908782171 1.0 65
1716908782207 0.9824561403508771 66
1716908782241 1.0 67
1716908782279 0.9941176470588236 68
1716908782314 0.9940476190476191 69
1716908782350 0.9940476190476191 70
1716908782385 0.9939024390243902 71
1716908782419 1.0 72
1716908782455 0.9764705882352941 73
1716908782491 0.9940828402366864 74
1716908782526 0.9939759036144579 75
1716908782561 0.9657142857142857 76
1716908782596 0.9707602339181286 77
1716908782631 1.0 78
1716908782666 0.9880952380952381 79
1716908782701 0.9940476190476191 80
1716908782735 1.0 81
1716908782770 0.9823529411764705 82
1716908782806 0.9822485207100592 83
1716908782841 1.0 84
1716908782876 0.9485714285714286 85
1716908782912 0.9879518072289156 86
1716908782947 0.9880239520958084 87
1716908782983 0.9935483870967742 88
1716908783019 1.0 89
1716908783053 0.9767441860465116 90
1716908783088 0.9822485207100592 91
1716908783123 1.0 92
1716908783158 1.0 93
1716908783194 1.0 94
1716908783230 0.9940828402366864 95
1716908783264 0.9880952380952381 96
1716908783301 1.0 97
1716908783336 0.9881656804733728 98
1716908783372 1.0 99
1716908783408 0.9882352941176471 100
