1716908779894 0.34267510287463665 1
1716908779931 0.16939904354512691 2
1716908779967 0.11908709211274981 3
1716908780005 0.06659963820129633 4
1716908780041 0.138556337216869 5
1716908780077 0.16835032124072313 6
1716908780112 0.1209083329886198 7
1716908780147 0.09046116354875267 8
1716908780182 0.0867477129213512 9
1716908780219 0.054689978482201695 10
1716908780255 0.09068512567318976 11
1716908780288 0.15612546727061272 12
1716908780325 0.16096282936632633 13
1716908780361 0.2586236777715385 14
1716908780396 0.11181377805769444 15
1716908780431 0.05776648537721485 16
1716908780467 0.048790920060127974 17
1716908780504 0.02779887180076912 18
1716908780540 0.05484173906734213 19
1716908780575 0.08982270443812013 20
1716908780609 0.23492419556714594 21
1716908780645 0.0690040709450841 22
1716908780679 0.037433687364682555 23
1716908780715 0.01813235750887543 24
1716908780750 0.03857078752480447 25
1716908780784 0.07034736033529043 26
1716908780818 0.05057191348168999 27
1716908780853 0.030184185947291553 28
1716908780889 0.033909494581166655 29
1716908780924 0.033225298626348376 30
1716908780961 0.03860201162751764 31
1716908780997 0.018573410634417087 32
1716908781032 0.28774430992780253 33
1716908781067 0.06355154584161937 34
1716908781103 0.04169383808039129 35
1716908781137 0.025481685297563672 36
1716908781173 0.039697853790130466 37
1716908781209 0.06346421828493476 38
1716908781243 0.12078987882705405 39
1716908781279 0.07284364732913673 40
1716908781314 0.05037693178746849 41
1716908781349 0.029411792405880988 42
1716908781385 0.023959732381626964 43
1716908781420 0.12660040048649535 44
1716908781456 0.04001046548364684 45
1716908781491 0.09417954017408192 46
1716908781527 0.11692826135549694 47
1716908781562 0.13241053035017103 48
1716908781598 0.08509938861243427 49
1716908781633 0.02410697820596397 50
1716908781668 0.09980600816197693 51
1716908781705 0.07042191701475531 52
1716908781740 0.03792310459539294 53
1716908781785 0.059917659615166485 54
1716908781821 0.06000186182791367 55
1716908781856 0.036047642468474805 56
1716908781893 0.09476809611078352 57
1716908781928 0.030446679971646518 58
1716908781962 0.07350768940523267 59
1716908781997 0.04058629396604374 60
1716908782032 0.22597405430860817 61
1716908782068 0.10035141743719578 62
1716908782103 0.07283590361475945 63
1716908782139 0.039194618933834136 64
1716908782174 0.03371729457285255 65
1716908782209 0.025446428859140724 66
1716908782243 0.022217584599275142 67
1716908782282 0.01721658746828325 68
1716908782316 0.01310244295746088 69
1716908782352 0.020597478753188625 70
1716908782387 0.051528161246096715 71
1716908782422 0.02736852824455127 72
1716908782458 0.0404376856458839 73
1716908782494 0.027740266697946936 74
1716908782528 0.07187127083307132 75
1716908782564 0.04784614939126186 76
1716908782598 0.1179367332952097 77
1716908782633 0.09635854489170015 78
1716908782668 0.03216846665600315 79
1716908782703 0.0203984763356857 80
1716908782737 0.020070284081157297 81
1716908782773 0.2519902340718545 82
1716908782808 0.06037408078555018 83
1716908782844 0.1093112847302109 84
1716908782879 0.20780624041799456 85
1716908782915 0.1745754717849195 86
1716908782949 0.11467282986268401 87
1716908782985 0.09899700060486794 88
1716908783021 0.062321787467226386 89
1716908783055 0.03746983816381544 90
1716908783090 0.033397168619558215 91
1716908783125 0.019340643397299573 92
1716908783161 0.01559244137024507 93
1716908783197 0.01847684901440516 94
1716908783232 0.028204702073708177 95
1716908783267 0.029751656868029386 96
1716908783303 0.011657936178380623 97
1716908783339 0.12780774990096688 98
1716908783374 0.019224164308980107 99
1716908783410 0.07992767746327445 100
