1716908779891 0.8769230769230769 1
1716908779928 0.9362637362637363 2
1716908779963 0.9582417582417583 3
1716908780002 0.9824175824175824 4
1716908780038 0.9868131868131869 5
1716908780074 0.9560439560439561 6
1716908780109 0.9560439560439561 7
1716908780144 0.9626373626373627 8
1716908780179 0.9648351648351648 9
1716908780216 0.9846153846153847 10
1716908780252 0.9604395604395605 11
1716908780285 0.9626373626373627 12
1716908780322 0.9626373626373627 13
1716908780358 0.9758241758241758 14
1716908780393 0.967032967032967 15
1716908780428 0.9802197802197802 16
1716908780464 0.9846153846153847 17
1716908780501 0.9868131868131869 18
1716908780537 0.9868131868131869 19
1716908780572 0.9648351648351648 20
1716908780606 0.9758241758241758 21
1716908780642 0.9758241758241758 22
1716908780677 0.989010989010989 23
1716908780712 0.9978021978021978 24
1716908780747 0.989010989010989 25
1716908780781 0.9692307692307692 26
1716908780816 0.9802197802197802 27
1716908780851 0.9868131868131869 28
1716908780886 0.9846153846153847 29
1716908780921 0.9912087912087912 30
1716908780957 0.9868131868131869 31
1716908780994 0.9956043956043956 32
1716908781029 0.989010989010989 33
1716908781064 0.9714285714285714 34
1716908781099 0.989010989010989 35
1716908781134 0.9846153846153847 36
1716908781170 0.9934065934065934 37
1716908781206 0.9802197802197802 38
1716908781240 0.9824175824175824 39
1716908781276 0.9714285714285714 40
1716908781312 0.9846153846153847 41
1716908781346 0.9912087912087912 42
1716908781382 0.9934065934065934 43
1716908781417 0.989010989010989 44
1716908781452 0.9912087912087912 45
1716908781488 0.9714285714285714 46
1716908781524 0.9648351648351648 47
1716908781559 0.989010989010989 48
1716908781595 0.9736263736263736 49
1716908781631 0.9956043956043956 50
1716908781666 0.989010989010989 51
1716908781702 0.9824175824175824 52
1716908781737 0.9912087912087912 53
1716908781782 0.9868131868131869 54
1716908781819 0.9824175824175824 55
1716908781853 0.9912087912087912 56
1716908781888 0.9692307692307692 57
1716908781925 0.9934065934065934 58
1716908781959 0.9736263736263736 59
1716908781994 0.9934065934065934 60
1716908782029 0.989010989010989 61
1716908782065 0.9846153846153847 62
1716908782100 0.9736263736263736 63
1716908782135 0.9868131868131869 64
1716908782171 0.989010989010989 65
1716908782206 0.9912087912087912 66
1716908782240 0.9912087912087912 67
1716908782279 0.9978021978021978 68
1716908782314 0.9934065934065934 69
1716908782349 0.9934065934065934 70
1716908782384 0.9846153846153847 71
1716908782419 0.9934065934065934 72
1716908782455 0.9846153846153847 73
1716908782491 0.9956043956043956 74
1716908782526 0.989010989010989 75
1716908782561 0.9868131868131869 76
1716908782596 0.9824175824175824 77
1716908782630 0.9714285714285714 78
1716908782665 0.989010989010989 79
1716908782701 0.9934065934065934 80
1716908782735 0.9934065934065934 81
1716908782770 0.989010989010989 82
1716908782805 0.9868131868131869 83
1716908782841 0.9912087912087912 84
1716908782876 0.9736263736263736 85
1716908782912 0.9846153846153847 86
1716908782946 0.9868131868131869 87
1716908782982 0.9648351648351648 88
1716908783018 0.9846153846153847 89
1716908783053 0.989010989010989 90
1716908783087 0.9868131868131869 91
1716908783123 0.9934065934065934 92
1716908783158 0.9956043956043956 93
1716908783194 0.9956043956043956 94
1716908783229 0.9956043956043956 95
1716908783264 0.989010989010989 96
1716908783300 0.9978021978021978 97
1716908783336 0.9912087912087912 98
1716908783372 0.9934065934065934 99
1716908783407 0.9934065934065934 100
