1716908779892 0.8579881656804734 1
1716908779928 0.9408284023668639 2
1716908779964 0.9171597633136095 3
1716908780003 0.9704142011834319 4
1716908780039 0.9704142011834319 5
1716908780075 0.9408284023668639 6
1716908780110 0.9526627218934911 7
1716908780144 0.9112426035502958 8
1716908780180 0.9349112426035503 9
1716908780217 0.9704142011834319 10
1716908780253 0.9230769230769231 11
1716908780286 0.9230769230769231 12
1716908780323 0.9704142011834319 13
1716908780359 0.9881656804733728 14
1716908780394 0.9289940828402367 15
1716908780429 0.9526627218934911 16
1716908780465 0.9763313609467456 17
1716908780502 0.9704142011834319 18
1716908780538 0.9822485207100592 19
1716908780573 0.9349112426035503 20
1716908780607 0.9704142011834319 21
1716908780643 0.9349112426035503 22
1716908780677 0.9704142011834319 23
1716908780713 0.9940828402366864 24
1716908780748 0.9763313609467456 25
1716908780782 0.9585798816568047 26
1716908780817 0.9585798816568047 27
1716908780851 0.9881656804733728 28
1716908780887 0.9881656804733728 29
1716908780922 0.9822485207100592 30
1716908780958 0.9763313609467456 31
1716908780995 0.9881656804733728 32
1716908781030 0.9822485207100592 33
1716908781065 0.9822485207100592 34
1716908781100 0.9704142011834319 35
1716908781135 0.9822485207100592 36
1716908781171 0.9822485207100592 37
1716908781207 0.9763313609467456 38
1716908781241 0.9585798816568047 39
1716908781277 0.9349112426035503 40
1716908781312 0.9644970414201184 41
1716908781347 0.9822485207100592 42
1716908781383 0.9822485207100592 43
1716908781418 0.9763313609467456 44
1716908781453 0.9763313609467456 45
1716908781489 0.9526627218934911 46
1716908781525 0.9053254437869822 47
1716908781560 0.9763313609467456 48
1716908781596 0.9526627218934911 49
1716908781631 0.9881656804733728 50
1716908781666 0.9822485207100592 51
1716908781703 0.9526627218934911 52
1716908781738 0.9822485207100592 53
1716908781783 0.9881656804733728 54
1716908781819 0.9644970414201184 55
1716908781854 0.9763313609467456 56
1716908781891 0.9526627218934911 57
1716908781926 0.9822485207100592 58
1716908781960 0.9644970414201184 59
1716908781995 0.9822485207100592 60
1716908782030 0.9763313609467456 61
1716908782066 0.9881656804733728 62
1716908782101 0.9289940828402367 63
1716908782136 0.9644970414201184 64
1716908782172 0.9704142011834319 65
1716908782207 0.9940828402366864 66
1716908782241 0.9763313609467456 67
1716908782280 1.0 68
1716908782315 0.9881656804733728 69
1716908782350 0.9881656804733728 70
1716908782385 0.9644970414201184 71
1716908782420 0.9822485207100592 72
1716908782456 0.9822485207100592 73
1716908782491 0.9940828402366864 74
1716908782526 0.9763313609467456 75
1716908782562 1.0 76
1716908782596 0.9822485207100592 77
1716908782631 0.9230769230769231 78
1716908782666 0.9822485207100592 79
1716908782701 0.9881656804733728 80
1716908782735 0.9822485207100592 81
1716908782771 0.9881656804733728 82
1716908782806 0.9822485207100592 83
1716908782842 0.9763313609467456 84
1716908782877 0.9822485207100592 85
1716908782913 0.9704142011834319 86
1716908782947 0.9763313609467456 87
1716908782983 0.9112426035502958 88
1716908783019 0.9585798816568047 89
1716908783053 0.9940828402366864 90
1716908783088 0.9822485207100592 91
1716908783123 0.9822485207100592 92
1716908783158 0.9881656804733728 93
1716908783194 0.9881656804733728 94
1716908783230 0.9940828402366864 95
1716908783265 0.9822485207100592 96
1716908783301 0.9940828402366864 97
1716908783336 0.9881656804733728 98
1716908783372 0.9822485207100592 99
1716908783408 0.9940828402366864 100
