1716908779892 0.8381502890173411 1
1716908779929 0.9164265129682998 2
1716908779965 0.9422492401215805 3
1716908780003 0.9761904761904762 4
1716908780039 0.9820359281437127 5
1716908780075 0.9408284023668639 6
1716908780110 0.9415204678362573 7
1716908780145 0.9476923076923077 8
1716908780180 0.9518072289156626 9
1716908780217 0.9791044776119403 10
1716908780253 0.9454545454545455 11
1716908780287 0.9483282674772037 12
1716908780323 0.9507246376811593 13
1716908780359 0.9681159420289855 14
1716908780394 0.9544072948328268 15
1716908780429 0.972809667673716 16
1716908780465 0.9792284866468843 17
1716908780502 0.9820359281437127 18
1716908780538 0.9822485207100592 19
1716908780573 0.9518072289156626 20
1716908780607 0.967551622418879 21
1716908780643 0.9663608562691132 22
1716908780678 0.9849849849849849 23
1716908780713 0.9970326409495549 24
1716908780748 0.9850746268656716 25
1716908780782 0.9585798816568046 26
1716908780817 0.9729729729729729 27
1716908780852 0.9823529411764705 28
1716908780887 0.9794721407624634 29
1716908780923 0.988095238095238 30
1716908780959 0.9821428571428571 31
1716908780995 0.9940476190476192 32
1716908781030 0.9851632047477745 33
1716908781065 0.9623188405797102 34
1716908781101 0.9849849849849849 35
1716908781135 0.9793510324483775 36
1716908781171 0.9910447761194029 37
1716908781207 0.9734513274336284 38
1716908781241 0.9759036144578314 39
1716908781277 0.9604863221884498 40
1716908781313 0.978978978978979 41
1716908781348 0.988095238095238 42
1716908781383 0.9910447761194029 43
1716908781418 0.9850746268656716 44
1716908781454 0.9880239520958084 45
1716908781489 0.9611940298507463 46
1716908781525 0.9503105590062112 47
1716908781561 0.9850746268656716 48
1716908781596 0.964071856287425 49
1716908781632 0.9940476190476192 50
1716908781667 0.9851632047477745 51
1716908781703 0.9757575757575757 52
1716908781738 0.988095238095238 53
1716908781784 0.9823529411764705 54
1716908781820 0.9760479041916168 55
1716908781854 0.9880239520958084 56
1716908781891 0.9583333333333333 57
1716908781926 0.9910447761194029 58
1716908781960 0.9644970414201184 59
1716908781995 0.9910447761194029 60
1716908782031 0.9850746268656716 61
1716908782066 0.9794721407624634 62
1716908782102 0.9631901840490796 63
1716908782137 0.9819277108433735 64
1716908782172 0.9849849849849849 65
1716908782207 0.988235294117647 66
1716908782242 0.9880239520958084 67
1716908782280 0.9970501474926253 68
1716908782315 0.9910979228486648 69
1716908782350 0.9910979228486648 70
1716908782386 0.978978978978979 71
1716908782420 0.9910447761194029 72
1716908782456 0.9793510324483775 73
1716908782492 0.9940828402366864 74
1716908782527 0.9850746268656716 75
1716908782562 0.9825581395348837 76
1716908782597 0.9764705882352941 77
1716908782631 0.9600000000000001 78
1716908782667 0.9851632047477745 79
1716908782702 0.9910979228486648 80
1716908782736 0.9910447761194029 81
1716908782771 0.9852507374631269 82
1716908782806 0.9822485207100592 83
1716908782842 0.9880239520958084 84
1716908782877 0.9651162790697676 85
1716908782913 0.9791044776119403 86
1716908782947 0.9821428571428571 87
1716908782983 0.9506172839506174 88
1716908783019 0.9788519637462235 89
1716908783054 0.9853372434017595 90
1716908783089 0.9822485207100592 91
1716908783124 0.9910447761194029 92
1716908783159 0.9940476190476192 93
1716908783195 0.9940476190476192 94
1716908783230 0.9940828402366864 95
1716908783265 0.9851632047477745 96
1716908783301 0.9970326409495549 97
1716908783337 0.9881656804733728 98
1716908783373 0.9910447761194029 99
1716908783408 0.9911504424778761 100
