1716914956864 0.871859296482412 1
1716914956900 0.9447236180904522 2
1716914956935 0.964824120603015 3
1716914956970 0.9849246231155779 4
1716914957003 0.9597989949748744 5
1716914957038 0.9748743718592965 6
1716914957072 0.964824120603015 7
1716914957106 0.9798994974874372 8
1716914957140 0.9673366834170855 9
1716914957174 0.9874371859296482 10
1716914957208 0.9824120603015075 11
1716914957242 0.9673366834170855 12
1716914957275 0.9773869346733668 13
1716914957309 0.964824120603015 14
1716914957344 0.9824120603015075 15
1716914957378 0.9849246231155779 16
1716914957412 0.9698492462311558 17
1716914957445 0.9798994974874372 18
1716914957479 0.9849246231155779 19
1716914957513 0.992462311557789 20
1716914957546 0.9798994974874372 21
1716914957578 0.9798994974874372 22
1716914957611 0.9447236180904522 23
1716914957643 0.9824120603015075 24
1716914957677 0.9824120603015075 25
