1716914956865 0.8523489932885906 1
1716914956901 0.8993288590604027 2
1716914956936 0.9261744966442953 3
1716914956971 0.9798657718120806 4
1716914957004 0.9395973154362416 5
1716914957039 0.9731543624161074 6
1716914957073 0.9060402684563759 7
1716914957107 0.9530201342281879 8
1716914957141 0.9731543624161074 9
1716914957175 0.9865771812080537 10
1716914957209 0.9664429530201343 11
1716914957243 0.9463087248322147 12
1716914957276 0.9530201342281879 13
1716914957310 0.9060402684563759 14
1716914957345 0.9530201342281879 15
1716914957379 0.9798657718120806 16
1716914957413 0.9530201342281879 17
1716914957446 0.9865771812080537 18
1716914957480 0.9664429530201343 19
1716914957514 0.9932885906040269 20
1716914957547 0.9530201342281879 21
1716914957579 0.9798657718120806 22
1716914957612 0.9261744966442953 23
1716914957644 0.9530201342281879 24
1716914957677 0.9798657718120806 25
