1716914956868 0.3085636666842869 1
1716914956903 0.18462708592414856 2
1716914956938 0.13983883442623274 3
1716914956973 0.06711850767689091 4
1716914957007 0.08606521519167083 5
1716914957041 0.07053210958838463 6
1716914957075 0.10117010772228241 7
1716914957109 0.08438480060015406 8
1716914957143 0.09862655933414187 9
1716914957177 0.043913419491478374 10
1716914957211 0.059263646602630615 11
1716914957245 0.1052268398925662 12
1716914957278 0.09341626135366303 13
1716914957312 0.10554088971444539 14
1716914957347 0.05210822035691568 15
1716914957381 0.03222298435866833 16
1716914957415 0.06848646886646748 17
1716914957448 0.05323118783001389 18
1716914957482 0.04015667350696666 19
1716914957516 0.02886989652844412 20
1716914957548 0.0628054509870708 21
1716914957580 0.06012717288519655 22
1716914957614 0.12564852368086576 23
1716914957646 0.0481297243386507 24
1716914957679 0.037948668003082275 25
