1716914956866 0.8327868852459016 1
1716914956901 0.9241379310344828 2
1716914956936 0.9517241379310345 3
1716914956972 0.9798657718120806 4
1716914957005 0.9459459459459459 5
1716914957039 0.9666666666666668 6
1716914957074 0.9507042253521127 7
1716914957108 0.9726027397260273 8
1716914957141 0.9570957095709572 9
1716914957176 0.9832775919732442 10
1716914957209 0.9762711864406781 11
1716914957243 0.9559322033898304 12
1716914957277 0.969283276450512 13
1716914957311 0.9507042253521127 14
1716914957345 0.9759450171821306 15
1716914957379 0.9798657718120806 16
1716914957413 0.9594594594594594 17
1716914957446 0.9735099337748345 18
1716914957480 0.9795918367346937 19
1716914957514 0.9899665551839465 20
1716914957547 0.9726027397260273 21
1716914957579 0.9733333333333333 22
1716914957612 0.9261744966442953 23
1716914957645 0.9759450171821306 24
1716914957678 0.9765886287625419 25
