1716914956865 0.8141025641025641 1
1716914956901 0.950354609929078 2
1716914956935 0.9787234042553191 3
1716914956971 0.9798657718120806 4
1716914957004 0.9523809523809523 5
1716914957039 0.9602649006622517 6
1716914957073 1.0 7
1716914957107 0.993006993006993 8
1716914957140 0.9415584415584416 9
1716914957175 0.98 10
1716914957208 0.9863013698630136 11
1716914957242 0.9657534246575342 12
1716914957276 0.9861111111111112 13
1716914957310 1.0 14
1716914957344 1.0 15
1716914957378 0.9798657718120806 16
1716914957412 0.9659863945578231 17
1716914957445 0.9607843137254902 18
1716914957479 0.993103448275862 19
1716914957514 0.9866666666666667 20
1716914957546 0.993006993006993 21
1716914957578 0.9668874172185431 22
1716914957611 0.9261744966442953 23
1716914957644 1.0 24
1716914957677 0.9733333333333334 25
