1716909839947 0.7793696275071633 1
1716909839983 0.9372937293729373 2
1716909840018 0.9400000000000001 3
1716909840068 0.944055944055944 4
1716909840104 0.959731543624161 5
1716909840139 0.9729729729729729 6
1716909840175 0.9504950495049505 7
1716909840209 0.9477351916376308 8
1716909840243 0.9729729729729729 9
1716909840278 0.9731543624161074 10
1716909840313 0.9864864864864865 11
1716909840351 0.9154929577464789 12
1716909840387 0.9764309764309763 13
1716909840422 0.9698996655518394 14
1716909840456 0.983050847457627 15
1716909840490 0.9865771812080537 16
1716909840524 0.9863945578231292 17
1716909840559 0.9933333333333334 18
1716909840595 0.9727891156462585 19
1716909840629 0.9864864864864865 20
1716909840664 0.9966329966329966 21
1716909840699 0.9501661129568106 22
1716909840734 0.9829351535836178 23
1716909840768 0.9694915254237289 24
1716909840802 0.9932432432432432 25
1716909840836 0.9636963696369636 26
1716909840871 0.9764309764309763 27
1716909840905 0.9865771812080537 28
1716909840939 0.9767441860465117 29
1716909840973 0.983050847457627 30
