1716909839946 0.912751677852349 1
1716909839982 0.9530201342281879 2
1716909840017 0.9463087248322147 3
1716909840068 0.9060402684563759 4
1716909840103 0.959731543624161 5
1716909840139 0.9664429530201343 6
1716909840174 0.9664429530201343 7
1716909840209 0.912751677852349 8
1716909840243 0.9664429530201343 9
1716909840277 0.9731543624161074 10
1716909840313 0.9798657718120806 11
1716909840351 0.87248322147651 12
1716909840386 0.9731543624161074 13
1716909840421 0.9731543624161074 14
1716909840456 0.9731543624161074 15
1716909840490 0.9865771812080537 16
1716909840524 0.9731543624161074 17
1716909840559 1.0 18
1716909840594 0.959731543624161 19
1716909840629 0.9798657718120806 20
1716909840664 0.9932885906040269 21
1716909840699 0.959731543624161 22
1716909840733 0.9664429530201343 23
1716909840768 0.959731543624161 24
1716909840801 0.9865771812080537 25
1716909840836 0.9798657718120806 26
1716909840871 0.9731543624161074 27
1716909840905 0.9865771812080537 28
1716909840938 0.9865771812080537 29
1716909840973 0.9731543624161074 30
