1716909839946 0.68 1
1716909839982 0.922077922077922 2
1716909840017 0.9337748344370861 3
1716909840067 0.9854014598540146 4
1716909840103 0.959731543624161 5
1716909840138 0.9795918367346939 6
1716909840174 0.935064935064935 7
1716909840208 0.9855072463768116 8
1716909840242 0.9795918367346939 9
1716909840277 0.9731543624161074 10
1716909840312 0.9931972789115646 11
1716909840351 0.9629629629629629 12
1716909840386 0.9797297297297297 13
1716909840421 0.9666666666666667 14
1716909840455 0.9931506849315068 15
1716909840490 0.9865771812080537 16
1716909840523 1.0 17
1716909840558 0.9867549668874173 18
1716909840594 0.9862068965517241 19
1716909840629 0.9931972789115646 20
1716909840663 1.0 21
1716909840698 0.9407894736842105 22
1716909840733 1.0 23
1716909840767 0.9794520547945206 24
1716909840801 1.0 25
1716909840836 0.948051948051948 26
1716909840870 0.9797297297297297 27
1716909840904 0.9865771812080537 28
1716909840938 0.9671052631578947 29
1716909840972 0.9931506849315068 30
