1716909839949 0.4227079961981092 1
1716909839985 0.152175743665014 2
1716909840020 0.15088188435350144 3
1716909840070 0.12589868530631065 4
1716909840106 0.07920981810561248 5
1716909840141 0.06190922164491245 6
1716909840176 0.14329165752444947 7
1716909840211 0.08741184430462974 8
1716909840245 0.06190321647695133 9
1716909840279 0.040241240590278594 10
1716909840315 0.0300585936887988 11
1716909840354 0.16048815633569444 12
1716909840389 0.04289701793875013 13
1716909840424 0.07173061557114124 14
1716909840458 0.04170583547758205 15
1716909840492 0.030508723642144884 16
1716909840526 0.03073866618797183 17
1716909840561 0.021465957297810485 18
1716909840596 0.06274109819371786 19
1716909840631 0.02947482400174652 20
1716909840666 0.0112450673976647 21
1716909840701 0.12191824595044766 22
1716909840736 0.036810714551912885 23
1716909840770 0.057498462963849306 24
1716909840804 0.02924316083746297 25
1716909840838 0.06612672616860696 26
1716909840873 0.04280936897599271 27
1716909840907 0.03588951265971575 28
1716909840940 0.030769712358180965 29
1716909840975 0.0958068385786776 30
