1716909839945 0.8065326633165829 1
1716909839982 0.9522613065326633 2
1716909840016 0.9547738693467337 3
1716909840067 0.9597989949748744 4
1716909840103 0.9698492462311558 5
1716909840138 0.9798994974874372 6
1716909840173 0.9623115577889447 7
1716909840208 0.9623115577889447 8
1716909840242 0.9798994974874372 9
1716909840276 0.9798994974874372 10
1716909840312 0.9899497487437185 11
1716909840350 0.9396984924623115 12
1716909840385 0.9824120603015075 13
1716909840420 0.9773869346733668 14
1716909840455 0.9874371859296482 15
1716909840489 0.9899497487437185 16
1716909840523 0.9899497487437185 17
1716909840558 0.9949748743718593 18
1716909840593 0.9798994974874372 19
1716909840628 0.9899497487437185 20
1716909840663 0.9974874371859297 21
1716909840698 0.9623115577889447 22
1716909840733 0.9874371859296482 23
1716909840767 0.9773869346733668 24
1716909840800 0.9949748743718593 25
1716909840835 0.9723618090452262 26
1716909840870 0.9824120603015075 27
1716909840904 0.9899497487437185 28
1716909840937 0.9824120603015075 29
1716909840972 0.9874371859296482 30
