1716909930262 0.8389261744966443 1
1716909930297 0.9463087248322147 2
1716909930332 0.9194630872483222 3
1716909930367 0.9798657718120806 4
1716909930401 0.9328859060402684 5
1716909930434 0.9261744966442953 6
1716909930470 0.9865771812080537 7
1716909930504 0.9731543624161074 8
1716909930536 0.9261744966442953 9
1716909930571 0.9395973154362416 10
1716909930605 0.9865771812080537 11
1716909930640 0.9664429530201343 12
1716909930673 0.959731543624161 13
1716909930706 0.9530201342281879 14
1716909930739 0.9395973154362416 15
1716909930773 0.9463087248322147 16
1716909930808 0.9731543624161074 17
1716909930842 0.9798657718120806 18
1716909930875 0.9395973154362416 19
1716909930909 0.9731543624161074 20
1716909930942 0.9261744966442953 21
1716909930978 0.9798657718120806 22
1716909931013 0.9865771812080537 23
1716909931051 0.9865771812080537 24
1716909931092 0.9664429530201343 25
1716909931130 1.0 26
1716909931165 1.0 27
1716909931198 0.9865771812080537 28
1716909931233 0.9865771812080537 29
1716909931266 0.959731543624161 30
