1716909930261 0.8793969849246231 1
1716909930297 0.964824120603015 2
1716909930331 0.957286432160804 3
1716909930366 0.9849246231155779 4
1716909930400 0.949748743718593 5
1716909930433 0.9597989949748744 6
1716909930469 0.9698492462311558 7
1716909930503 0.9773869346733668 8
1716909930536 0.9673366834170855 9
1716909930570 0.9698492462311558 10
1716909930605 0.9824120603015075 11
1716909930639 0.9824120603015075 12
1716909930672 0.9798994974874372 13
1716909930705 0.9798994974874372 14
1716909930738 0.9723618090452262 15
1716909930772 0.964824120603015 16
1716909930807 0.9773869346733668 17
1716909930841 0.9824120603015075 18
1716909930875 0.9748743718592965 19
1716909930908 0.9798994974874372 20
1716909930941 0.9698492462311558 21
1716909930977 0.9773869346733668 22
1716909931012 0.9949748743718593 23
1716909931050 0.9949748743718593 24
1716909931091 0.9824120603015075 25
1716909931129 1.0 26
1716909931164 1.0 27
1716909931198 0.992462311557789 28
1716909931232 0.9899497487437185 29
1716909931266 0.9798994974874372 30
