1716909930262 0.8389261744966443 1
1716909930297 0.9591836734693877 2
1716909930331 0.9647887323943662 3
1716909930367 0.9798657718120806 4
1716909930401 0.9328859060402684 5
1716909930433 0.965034965034965 6
1716909930469 0.9363057324840764 7
1716909930504 0.9666666666666667 8
1716909930536 0.9857142857142858 9
1716909930571 0.9790209790209791 10
1716909930605 0.9671052631578947 11
1716909930639 0.9863013698630136 12
1716909930673 0.9862068965517241 13
1716909930706 0.993006993006993 14
1716909930739 0.9859154929577465 15
1716909930773 0.9591836734693877 16
1716909930808 0.9666666666666667 17
1716909930842 0.9733333333333334 18
1716909930875 0.9929078014184397 19
1716909930909 0.9731543624161074 20
1716909930942 0.9928057553956835 21
1716909930977 0.9605263157894737 22
1716909931013 1.0 23
1716909931050 1.0 24
1716909931091 0.9863013698630136 25
1716909931129 1.0 26
1716909931165 1.0 27
1716909931198 0.9932432432432432 28
1716909931232 0.9865771812080537 29
1716909931266 0.9862068965517241 30
