1716909930263 0.8389261744966443 1
1716909930298 0.9527027027027025 2
1716909930332 0.9415807560137458 3
1716909930367 0.9798657718120806 4
1716909930401 0.9328859060402684 5
1716909930434 0.9452054794520547 6
1716909930470 0.9607843137254902 7
1716909930504 0.9698996655518394 8
1716909930537 0.9550173010380623 9
1716909930571 0.958904109589041 10
1716909930606 0.9767441860465117 11
1716909930640 0.9762711864406781 12
1716909930673 0.9727891156462585 13
1716909930706 0.9726027397260273 14
1716909930740 0.9621993127147765 15
1716909930773 0.9527027027027025 16
1716909930808 0.9698996655518394 17
1716909930842 0.9765886287625419 18
1716909930876 0.9655172413793103 19
1716909930910 0.9731543624161074 20
1716909930943 0.9583333333333334 21
1716909930978 0.9700996677740865 22
1716909931014 0.9932432432432432 23
1716909931051 0.9932432432432432 24
1716909931092 0.9762711864406781 25
1716909931130 1.0 26
1716909931165 1.0 27
1716909931199 0.9898989898989898 28
1716909931233 0.9865771812080537 29
1716909931267 0.9727891156462585 30
