1716909930265 0.3792797029018402 1
1716909930300 0.15421953903777258 2
1716909930334 0.16587568925959723 3
1716909930369 0.06537166370877198 4
1716909930403 0.1371295563876629 5
1716909930436 0.12984506147248404 6
1716909930472 0.09413030450897557 7
1716909930506 0.11320985294878483 8
1716909930538 0.10212667126740728 9
1716909930573 0.08890684534396444 10
1716909930608 0.06039907889706748 11
1716909930642 0.06567560508847237 12
1716909930675 0.07632439689976829 13
1716909930708 0.07343700474926404 14
1716909930741 0.07942400486873728 15
1716909930775 0.08952078755412783 16
1716909930810 0.05733926720651133 17
1716909930844 0.060706762596964836 18
1716909930877 0.09403348155319691 19
1716909930912 0.07069709710776806 20
1716909930945 0.09244809140052114 21
1716909930980 0.04603135066905192 22
1716909931015 0.02190229988523892 23
1716909931053 0.017144613965813602 24
1716909931094 0.06110440307695951 25
1716909931132 0.010101549593465669 26
1716909931167 0.008603858295828104 27
1716909931200 0.021128366634781872 28
1716909931235 0.02521049839976643 29
1716909931268 0.047984727791377475 30
