1716904798950 0.8527472527472527 1
1716904798987 0.9692307692307692 2
1716904799024 0.9736263736263736 3
1716904799060 0.9692307692307692 4
1716904799095 0.9758241758241758 5
1716904799131 0.9472527472527472 6
1716904799167 0.989010989010989 7
1716904799216 0.9846153846153847 8
1716904799252 0.9318681318681319 9
1716904799288 0.9736263736263736 10
1716904799323 0.9868131868131869 11
1716904799358 0.9868131868131869 12
1716904799394 0.9846153846153847 13
1716904799429 0.9802197802197802 14
1716904799464 0.9912087912087912 15
1716904799500 0.978021978021978 16
1716904799536 0.9802197802197802 17
1716904799570 0.978021978021978 18
1716904799607 0.9934065934065934 19
1716904799643 0.9934065934065934 20
1716904799678 0.9560439560439561 21
1716904799713 0.9824175824175824 22
1716904799748 0.9934065934065934 23
1716904799784 0.989010989010989 24
1716904799819 0.9956043956043956 25
1716904799854 0.9604395604395605 26
1716904799890 0.978021978021978 27
1716904799926 0.9824175824175824 28
1716904799960 0.978021978021978 29
1716904799995 0.9560439560439561 30
1716904800030 0.9846153846153847 31
1716904800066 0.9912087912087912 32
1716904800102 0.9934065934065934 33
1716904800139 0.9912087912087912 34
1716904800174 0.989010989010989 35
1716904800209 0.9868131868131869 36
1716904800244 0.9934065934065934 37
1716904800280 0.9868131868131869 38
1716904800314 0.978021978021978 39
1716904800349 0.9868131868131869 40
1716904800385 0.9956043956043956 41
1716904800421 0.989010989010989 42
1716904800456 0.9846153846153847 43
1716904800491 0.9824175824175824 44
1716904800526 0.9868131868131869 45
1716904800561 0.9582417582417583 46
1716904800596 0.989010989010989 47
1716904800631 0.978021978021978 48
1716904800668 0.9802197802197802 49
1716904800703 0.9912087912087912 50
1716904800739 0.9934065934065934 51
1716904800775 0.9868131868131869 52
1716904800809 0.9736263736263736 53
1716904800845 0.9912087912087912 54
1716904800881 0.9934065934065934 55
1716904800916 0.9956043956043956 56
1716904800952 0.989010989010989 57
1716904800987 0.9956043956043956 58
1716904801023 0.9978021978021978 59
1716904801055 1.0 60
1716904801091 0.9956043956043956 61
1716904801128 0.9956043956043956 62
1716904801163 0.9934065934065934 63
1716904801199 0.9956043956043956 64
1716904801235 0.9978021978021978 65
1716904801270 0.9956043956043956 66
1716904801306 0.9934065934065934 67
1716904801343 0.9956043956043956 68
1716904801377 0.9956043956043956 69
1716904801415 0.9978021978021978 70
1716904801450 0.9934065934065934 71
1716904801484 0.9956043956043956 72
1716904801521 0.9824175824175824 73
1716904801554 0.9846153846153847 74
1716904801590 0.9846153846153847 75
1716904801626 0.9736263736263736 76
1716904801663 0.989010989010989 77
1716904801700 0.9934065934065934 78
1716904801736 1.0 79
1716904801773 0.9956043956043956 80
1716904801808 0.978021978021978 81
1716904801844 0.9494505494505494 82
1716904801880 0.9868131868131869 83
1716904801915 0.9912087912087912 84
1716904801951 0.9912087912087912 85
1716904801987 0.9934065934065934 86
1716904802023 0.978021978021978 87
1716904802059 0.989010989010989 88
1716904802094 0.989010989010989 89
1716904802128 0.9978021978021978 90
1716904802164 0.9956043956043956 91
1716904802201 0.9956043956043956 92
1716904802237 0.9648351648351648 93
1716904802272 0.9714285714285714 94
1716904802308 0.9604395604395605 95
1716904802344 0.9956043956043956 96
1716904802380 0.9934065934065934 97
1716904802415 0.9956043956043956 98
1716904802450 0.9956043956043956 99
1716904802486 0.9956043956043956 100
