1716904798953 0.40792061761021614 1
1716904798990 0.15777713991701603 2
1716904799027 0.10125023871660233 3
1716904799063 0.11147157102823257 4
1716904799099 0.12376502901315689 5
1716904799134 0.13033826695755124 6
1716904799170 0.05262085632421076 7
1716904799219 0.07472190773114562 8
1716904799255 0.20219307206571102 9
1716904799291 0.08430005330592394 10
1716904799326 0.03881185781210661 11
1716904799361 0.037141391017939895 12
1716904799397 0.21180400135926902 13
1716904799432 0.06480059353634715 14
1716904799467 0.035279819916468114 15
1716904799503 0.1912121990462765 16
1716904799539 0.10447271494194865 17
1716904799573 0.06951204873621464 18
1716904799611 0.03526190551929176 19
1716904799646 0.038671381189487875 20
1716904799681 0.1187179388361983 21
1716904799716 0.056071536149829626 22
1716904799751 0.026526213332545012 23
1716904799787 0.026355659298133105 24
1716904799822 0.03655223536770791 25
1716904799858 0.2484290449647233 26
1716904799893 0.10542561067268252 27
1716904799929 0.04613769764546305 28
1716904799963 0.07740523025859147 29
1716904799998 0.12202323041856289 30
1716904800033 0.056124534690752625 31
1716904800069 0.022035791946109384 32
1716904800105 0.020145541289821267 33
1716904800142 0.018576600588858128 34
1716904800177 0.305082049628254 35
1716904800212 0.059012715704739094 36
1716904800247 0.025929746800102293 37
1716904800283 0.11600776901468635 38
1716904800317 0.09709776460658759 39
1716904800352 0.052092876518145204 40
1716904800388 0.01776451722253114 41
1716904800424 0.08415918552782387 42
1716904800460 0.03619982209056616 43
1716904800494 0.03830160485813394 44
1716904800529 0.25489019486121833 45
1716904800564 0.14512873673811555 46
1716904800599 0.08937740256078541 47
1716904800635 0.0808769129216671 48
1716904800671 0.05969601962715387 49
1716904800706 0.025139366334769875 50
1716904800741 0.017141372605692595 51
1716904800778 0.07411854184465483 52
1716904800812 0.05630846880376339 53
1716904800848 0.02669138740748167 54
1716904800884 0.027171299559995532 55
1716904800919 0.02047710493206978 56
1716904800955 0.02831397793488577 57
1716904800990 0.025337961822515354 58
1716904801026 0.00789115353836678 59
1716904801058 0.005794995930045843 60
1716904801094 0.009391829982632771 61
1716904801130 0.015271635085809976 62
1716904801166 0.017979542855755426 63
1716904801202 0.010057035426143557 64
1716904801238 0.012087199240340851 65
1716904801273 0.017123148922109976 66
1716904801309 0.01299208875570912 67
1716904801345 0.014588185265893117 68
1716904801381 0.018246313229610678 69
1716904801418 0.0145348208170617 70
1716904801453 0.019890025156200863 71
1716904801487 0.03410935481952038 72
1716904801523 0.051924186962423846 73
1716904801557 0.0482384103233926 74
1716904801593 0.08859149026102386 75
1716904801629 0.07569247181527317 76
1716904801666 0.0401218673796393 77
1716904801703 0.01816689659608528 78
1716904801740 0.013146925979526713 79
1716904801776 0.031193577728117816 80
1716904801811 0.10655006481101736 81
1716904801847 0.16804183181375265 82
1716904801883 0.04398623399902135 83
1716904801918 0.15678437368478626 84
1716904801954 0.039808371919207275 85
1716904801990 0.07640628836816177 86
1716904802026 0.2388433802407235 87
1716904802062 0.07823717826977372 88
1716904802096 0.03722077060956508 89
1716904802132 0.01842521142680198 90
1716904802167 0.016516392643097788 91
1716904802204 0.07874396134866402 92
1716904802240 0.1333097054157406 93
1716904802275 0.15739094966556877 94
1716904802311 0.1004924294538796 95
1716904802347 0.0371222390094772 96
1716904802383 0.020279340678825974 97
1716904802418 0.020681983209215105 98
1716904802453 0.016552080924157053 99
1716904802489 0.12056308845058084 100
