1716904798951 0.8133704735376045 1
1716904798989 0.9583333333333333 2
1716904799025 0.9636363636363637 3
1716904799061 0.9580838323353293 4
1716904799097 0.9671641791044776 5
1716904799132 0.9325842696629213 6
1716904799168 0.9851632047477745 7
1716904799217 0.9791044776119403 8
1716904799253 0.9034267912772586 9
1716904799289 0.9647058823529411 10
1716904799325 0.9822485207100592 11
1716904799359 0.9821428571428571 12
1716904799395 0.9792284866468843 13
1716904799430 0.9736070381231672 14
1716904799466 0.9880239520958084 15
1716904799501 0.9700598802395209 16
1716904799537 0.9729729729729729 17
1716904799572 0.9696969696969696 18
1716904799609 0.9910447761194029 19
1716904799644 0.9910979228486648 20
1716904799679 0.9397590361445785 21
1716904799715 0.976608187134503 22
1716904799749 0.9910979228486648 23
1716904799785 0.9852507374631269 24
1716904799821 0.9940476190476192 25
1716904799856 0.9482758620689654 26
1716904799891 0.9710982658959538 27
1716904799927 0.9760479041916168 28
1716904799962 0.9696969696969696 29
1716904799996 0.9421965317919077 30
1716904800032 0.9788519637462235 31
1716904800067 0.988095238095238 32
1716904800103 0.9911504424778761 33
1716904800140 0.988095238095238 34
1716904800176 0.9854227405247813 35
1716904800210 0.9821428571428571 36
1716904800246 0.9911504424778761 37
1716904800281 0.9823529411764705 38
1716904800315 0.9696969696969696 39
1716904800351 0.9819277108433735 40
1716904800387 0.9940476190476192 41
1716904800422 0.9851632047477745 42
1716904800458 0.9788519637462235 43
1716904800492 0.976608187134503 44
1716904800527 0.9822485207100592 45
1716904800562 0.9436201780415431 46
1716904800597 0.9853372434017595 47
1716904800633 0.9696969696969696 48
1716904800669 0.973134328358209 49
1716904800705 0.988095238095238 50
1716904800740 0.9910447761194029 51
1716904800776 0.9822485207100592 52
1716904800810 0.9653179190751445 53
1716904800846 0.9880239520958084 54
1716904800882 0.9910447761194029 55
1716904800917 0.9940476190476192 56
1716904800953 0.9852507374631269 57
1716904800988 0.9940476190476192 58
1716904801024 0.9970501474926253 59
1716904801057 1.0 60
1716904801092 0.9940828402366864 61
1716904801129 0.9940828402366864 62
1716904801164 0.9911504424778761 63
1716904801200 0.9941176470588234 64
1716904801236 0.9970326409495549 65
1716904801271 0.9940828402366864 66
1716904801308 0.9910979228486648 67
1716904801344 0.9940828402366864 68
1716904801379 0.9940476190476192 69
1716904801416 0.9970326409495549 70
1716904801451 0.9910979228486648 71
1716904801486 0.9940828402366864 72
1716904801522 0.9759036144578314 73
1716904801555 0.978978978978979 74
1716904801591 0.9794721407624634 75
1716904801627 0.9634146341463414 76
1716904801664 0.9853372434017595 77
1716904801701 0.9910447761194029 78
1716904801738 1.0 79
1716904801774 0.9941176470588234 80
1716904801809 0.9700598802395209 81
1716904801845 0.9278996865203761 82
1716904801881 0.9819277108433735 83
1716904801916 0.9880239520958084 84
1716904801952 0.9881656804733728 85
1716904801988 0.9910447761194029 86
1716904802024 0.9705882352941176 87
1716904802060 0.9850746268656716 88
1716904802095 0.9849849849849849 89
1716904802130 0.9970326409495549 90
1716904802165 0.9940828402366864 91
1716904802202 0.9941176470588234 92
1716904802239 0.9506172839506174 93
1716904802274 0.9620991253644314 94
1716904802310 0.9437500000000001 95
1716904802345 0.9940476190476192 96
1716904802381 0.9911504424778761 97
1716904802416 0.9940476190476192 98
1716904802451 0.9940828402366864 99
1716904802488 0.9940476190476192 100
