1716904798951 0.7684210526315789 1
1716904798988 0.9640718562874252 2
1716904799024 0.9875776397515528 3
1716904799060 0.9696969696969697 4
1716904799096 0.9759036144578314 5
1716904799131 0.8877005347593583 6
1716904799167 0.9880952380952381 7
1716904799216 0.9879518072289156 8
1716904799253 0.9539473684210527 9
1716904799288 0.9590643274853801 10
1716904799324 0.9822485207100592 11
1716904799359 0.9880239520958084 12
1716904799395 0.9821428571428571 13
1716904799429 0.9651162790697675 14
1716904799465 1.0 15
1716904799500 0.9818181818181818 16
1716904799536 0.9878048780487805 17
1716904799571 0.9937888198757764 18
1716904799608 1.0 19
1716904799643 0.9940476190476191 20
1716904799678 0.9570552147239264 21
1716904799714 0.9653179190751445 22
1716904799748 0.9940476190476191 23
1716904799784 0.9823529411764705 24
1716904799820 1.0 25
1716904799855 0.9217877094972067 26
1716904799890 0.9491525423728814 27
1716904799927 0.9878787878787879 28
1716904799961 0.9937888198757764 29
1716904799996 0.9209039548022598 30
1716904800031 1.0 31
1716904800067 0.9940119760479041 32
1716904800103 0.9882352941176471 33
1716904800140 0.9940119760479041 34
1716904800175 0.9712643678160919 35
1716904800210 0.9880239520958084 36
1716904800245 0.9882352941176471 37
1716904800280 0.9766081871345029 38
1716904800315 0.9937888198757764 39
1716904800350 1.0 40
1716904800386 1.0 41
1716904800422 0.9880952380952381 42
1716904800457 1.0 43
1716904800492 0.9653179190751445 44
1716904800526 0.9822485207100592 45
1716904800561 0.9464285714285714 46
1716904800597 0.9767441860465116 47
1716904800632 0.9937888198757764 48
1716904800669 0.9819277108433735 49
1716904800704 0.9940119760479041 50
1716904800739 1.0 51
1716904800775 0.9822485207100592 52
1716904800810 0.943502824858757 53
1716904800845 1.0 54
1716904800882 1.0 55
1716904800917 1.0 56
1716904800952 0.9823529411764705 57
1716904800987 1.0 58
1716904801024 0.9941176470588236 59
1716904801056 1.0 60
1716904801092 0.9940828402366864 61
1716904801128 0.9940828402366864 62
1716904801164 0.9882352941176471 63
1716904801199 0.9883040935672515 64
1716904801235 1.0 65
1716904801271 0.9940828402366864 66
1716904801307 0.9940476190476191 67
1716904801343 0.9940828402366864 68
1716904801378 1.0 69
1716904801415 1.0 70
1716904801450 0.9940476190476191 71
1716904801485 0.9940828402366864 72
1716904801521 0.9938650306748467 73
1716904801554 0.9939024390243902 74
1716904801590 0.9709302325581395 75
1716904801626 0.9937106918238994 76
1716904801663 0.9767441860465116 77
1716904801700 1.0 78
1716904801737 1.0 79
1716904801774 0.9883040935672515 80
1716904801808 0.9818181818181818 81
1716904801845 0.9866666666666667 82
1716904801880 1.0 83
1716904801915 1.0 84
1716904801951 0.9881656804733728 85
1716904801988 1.0 86
1716904802023 0.9649122807017544 87
1716904802060 0.9939759036144579 88
1716904802094 1.0 89
1716904802129 1.0 90
1716904802164 0.9940828402366864 91
1716904802202 0.9883040935672515 92
1716904802238 0.9935483870967742 93
1716904802273 0.9482758620689655 94
1716904802309 1.0 95
1716904802344 1.0 96
1716904802380 0.9882352941176471 97
1716904802415 1.0 98
1716904802450 0.9940828402366864 99
1716904802487 1.0 100
