1716904798951 0.863905325443787 1
1716904798988 0.9526627218934911 2
1716904799025 0.9408284023668639 3
1716904799061 0.9467455621301775 4
1716904799096 0.9585798816568047 5
1716904799132 0.9822485207100592 6
1716904799168 0.9822485207100592 7
1716904799217 0.9704142011834319 8
1716904799253 0.8579881656804734 9
1716904799289 0.9704142011834319 10
1716904799324 0.9822485207100592 11
1716904799359 0.9763313609467456 12
1716904799395 0.9763313609467456 13
1716904799430 0.9822485207100592 14
1716904799465 0.9763313609467456 15
1716904799501 0.9585798816568047 16
1716904799537 0.9585798816568047 17
1716904799571 0.9467455621301775 18
1716904799608 0.9822485207100592 19
1716904799643 0.9881656804733728 20
1716904799679 0.9230769230769231 21
1716904799714 0.9881656804733728 22
1716904799749 0.9881656804733728 23
1716904799785 0.9881656804733728 24
1716904799820 0.9881656804733728 25
1716904799855 0.9763313609467456 26
1716904799891 0.9940828402366864 27
1716904799927 0.9644970414201184 28
1716904799961 0.9467455621301775 29
1716904799996 0.9644970414201184 30
1716904800031 0.9585798816568047 31
1716904800067 0.9822485207100592 32
1716904800103 0.9940828402366864 33
1716904800140 0.9822485207100592 34
1716904800175 1.0 35
1716904800210 0.9763313609467456 36
1716904800245 0.9940828402366864 37
1716904800281 0.9881656804733728 38
1716904800315 0.9467455621301775 39
1716904800350 0.9644970414201184 40
1716904800386 0.9881656804733728 41
1716904800422 0.9822485207100592 42
1716904800457 0.9585798816568047 43
1716904800492 0.9881656804733728 44
1716904800527 0.9822485207100592 45
1716904800562 0.9408284023668639 46
1716904800597 0.9940828402366864 47
1716904800632 0.9467455621301775 48
1716904800669 0.9644970414201184 49
1716904800704 0.9822485207100592 50
1716904800739 0.9822485207100592 51
1716904800775 0.9822485207100592 52
1716904800810 0.9881656804733728 53
1716904800846 0.9763313609467456 54
1716904800882 0.9822485207100592 55
1716904800917 0.9881656804733728 56
1716904800953 0.9881656804733728 57
1716904800988 0.9881656804733728 58
1716904801024 1.0 59
1716904801056 1.0 60
1716904801092 0.9940828402366864 61
1716904801129 0.9940828402366864 62
1716904801164 0.9940828402366864 63
1716904801200 1.0 64
1716904801236 0.9940828402366864 65
1716904801271 0.9940828402366864 66
1716904801307 0.9881656804733728 67
1716904801343 0.9940828402366864 68
1716904801378 0.9881656804733728 69
1716904801415 0.9940828402366864 70
1716904801451 0.9881656804733728 71
1716904801485 0.9940828402366864 72
1716904801521 0.9585798816568047 73
1716904801555 0.9644970414201184 74
1716904801591 0.9881656804733728 75
1716904801627 0.9349112426035503 76
1716904801664 0.9940828402366864 77
1716904801701 0.9822485207100592 78
1716904801738 1.0 79
1716904801774 1.0 80
1716904801809 0.9585798816568047 81
1716904801845 0.8757396449704142 82
1716904801881 0.9644970414201184 83
1716904801916 0.9763313609467456 84
1716904801952 0.9881656804733728 85
1716904801988 0.9822485207100592 86
1716904802024 0.9763313609467456 87
1716904802060 0.9763313609467456 88
1716904802094 0.9704142011834319 89
1716904802129 0.9940828402366864 90
1716904802165 0.9940828402366864 91
1716904802202 1.0 92
1716904802238 0.9112426035502958 93
1716904802273 0.9763313609467456 94
1716904802309 0.893491124260355 95
1716904802345 0.9881656804733728 96
1716904802381 0.9940828402366864 97
1716904802416 0.9881656804733728 98
1716904802451 0.9940828402366864 99
1716904802487 0.9881656804733728 100
