1716910488337 0.864321608040201 1
1716910488372 0.949748743718593 2
1716910488407 0.9824120603015075 3
1716910488442 0.957286432160804 4
1716910488476 0.964824120603015 5
1716910488510 0.9824120603015075 6
1716910488545 0.9849246231155779 7
1716910488579 0.9698492462311558 8
1716910488612 0.9798994974874372 9
1716910488646 0.9597989949748744 10
1716910488680 0.9798994974874372 11
1716910488714 0.9874371859296482 12
1716910488747 0.9748743718592965 13
1716910488781 0.9748743718592965 14
1716910488816 0.9874371859296482 15
1716910488850 0.9673366834170855 16
1716910488884 0.9798994974874372 17
1716910488919 0.9798994974874372 18
1716910488953 0.992462311557789 19
1716910488987 0.9748743718592965 20
1716910489020 0.9773869346733668 21
1716910489053 0.9849246231155779 22
1716910489088 0.9849246231155779 23
1716910489122 0.9773869346733668 24
1716910489156 0.9698492462311558 25
1716910489189 0.9798994974874372 26
1716910489223 0.9824120603015075 27
1716910489256 0.9874371859296482 28
1716910489290 0.9824120603015075 29
1716910489324 0.9824120603015075 30
1716910489357 0.9723618090452262 31
1716910489392 0.9798994974874372 32
1716910489426 0.9849246231155779 33
1716910489460 0.9899497487437185 34
1716910489495 0.992462311557789 35
1716910489528 0.992462311557789 36
1716910489562 0.9974874371859297 37
1716910489597 0.9949748743718593 38
1716910489631 0.9949748743718593 39
1716910489664 0.9949748743718593 40
1716910489698 0.992462311557789 41
1716910489732 0.9723618090452262 42
1716910489765 0.992462311557789 43
1716910489799 0.9899497487437185 44
1716910489832 0.9849246231155779 45
1716910489866 0.9949748743718593 46
1716910489901 1.0 47
1716910489935 0.9949748743718593 48
1716910489969 0.9849246231155779 49
1716910490004 0.9849246231155779 50
1716910490038 0.9949748743718593 51
1716910490070 0.9899497487437185 52
1716910490103 0.992462311557789 53
1716910490135 0.9949748743718593 54
1716910490168 0.9899497487437185 55
1716910490203 0.9974874371859297 56
1716910490237 1.0 57
1716910490271 0.9874371859296482 58
1716910490304 0.9773869346733668 59
1716910490338 0.9849246231155779 60
1716910490372 0.9974874371859297 61
1716910490405 0.9949748743718593 62
1716910490439 0.9974874371859297 63
1716910490472 0.9949748743718593 64
1716910490505 0.9949748743718593 65
1716910490538 0.9974874371859297 66
1716910490572 1.0 67
1716910490606 0.9974874371859297 68
1716910490639 0.9824120603015075 69
1716910490673 0.992462311557789 70
1716910490706 0.9874371859296482 71
1716910490740 0.9522613065326633 72
1716910490773 0.9698492462311558 73
1716910490807 0.9824120603015075 74
1716910490840 0.9874371859296482 75
1716910490874 0.9974874371859297 76
1716910490908 1.0 77
1716910490941 1.0 78
1716910490975 1.0 79
1716910491008 1.0 80
1716910491042 0.9974874371859297 81
1716910491076 1.0 82
1716910491110 0.9949748743718593 83
1716910491143 0.9698492462311558 84
1716910491177 0.9874371859296482 85
1716910491210 0.9949748743718593 86
1716910491244 0.992462311557789 87
1716910491278 0.9824120603015075 88
1716910491311 0.992462311557789 89
1716910491344 0.9849246231155779 90
1716910491377 0.9949748743718593 91
1716910491412 1.0 92
1716910491445 0.9974874371859297 93
1716910491479 0.9974874371859297 94
1716910491512 0.9899497487437185 95
1716910491546 0.9974874371859297 96
1716910491579 0.9849246231155779 97
1716910491613 0.9949748743718593 98
1716910491647 1.0 99
1716910491680 0.9974874371859297 100
1716910491712 0.9949748743718593 101
1716910491746 1.0 102
1716910491780 0.992462311557789 103
1716910491815 0.9874371859296482 104
1716910491848 0.9949748743718593 105
1716910491881 0.9974874371859297 106
1716910491915 1.0 107
1716910491948 0.9949748743718593 108
1716910491982 0.9974874371859297 109
1716910492015 1.0 110
1716910492049 1.0 111
1716910492083 1.0 112
1716910492116 0.9949748743718593 113
1716910492149 0.9949748743718593 114
1716910492183 1.0 115
1716910492215 0.9974874371859297 116
1716910492250 0.9849246231155779 117
1716910492283 0.9849246231155779 118
1716910492317 0.9949748743718593 119
1716910492350 0.9899497487437185 120
1716910492384 0.9849246231155779 121
1716910492418 0.9974874371859297 122
1716910492451 1.0 123
1716910492485 0.9899497487437185 124
1716910492519 0.9974874371859297 125
1716910492552 0.9773869346733668 126
1716910492591 0.9949748743718593 127
1716910492625 0.9798994974874372 128
1716910492660 0.9773869346733668 129
1716910492694 0.9899497487437185 130
1716910492726 1.0 131
1716910492760 0.9974874371859297 132
1716910492793 0.9949748743718593 133
1716910492827 1.0 134
1716910492861 0.9974874371859297 135
1716910492895 1.0 136
1716910492928 1.0 137
1716910492962 1.0 138
1716910492996 0.9974874371859297 139
1716910493029 0.992462311557789 140
1716910493063 0.9849246231155779 141
1716910493096 1.0 142
1716910493128 1.0 143
1716910493162 1.0 144
1716910493194 1.0 145
1716910493227 1.0 146
1716910493261 0.9949748743718593 147
1716910493294 0.9974874371859297 148
1716910493328 0.9748743718592965 149
1716910493361 0.9949748743718593 150
1716910493394 1.0 151
1716910493427 0.9949748743718593 152
1716910493461 0.992462311557789 153
1716910493495 0.9849246231155779 154
1716910493529 0.9849246231155779 155
1716910493563 0.992462311557789 156
1716910493596 0.9949748743718593 157
1716910493628 0.9974874371859297 158
1716910493662 1.0 159
1716910493696 1.0 160
1716910493729 0.9974874371859297 161
1716910493762 0.9974874371859297 162
1716910493794 1.0 163
1716910493828 1.0 164
1716910493863 1.0 165
1716910493896 1.0 166
1716910493929 1.0 167
1716910493964 1.0 168
1716910493999 1.0 169
1716910494032 1.0 170
1716910494066 0.9974874371859297 171
1716910494100 0.9698492462311558 172
1716910494133 0.9949748743718593 173
1716910494166 0.992462311557789 174
1716910494199 0.9849246231155779 175
1716910494232 1.0 176
1716910494265 1.0 177
1716910494299 0.9949748743718593 178
1716910494333 0.9949748743718593 179
1716910494366 0.9899497487437185 180
1716910494400 1.0 181
1716910494434 1.0 182
1716910494467 1.0 183
1716910494501 1.0 184
1716910494535 1.0 185
1716910494567 1.0 186
1716910494602 1.0 187
1716910494636 1.0 188
1716910494669 0.9974874371859297 189
1716910494702 0.9748743718592965 190
1716910494737 0.9949748743718593 191
1716910494770 0.9949748743718593 192
1716910494804 0.9974874371859297 193
1716910494837 0.9974874371859297 194
1716910494870 0.9949748743718593 195
1716910494904 0.9899497487437185 196
1716910494939 1.0 197
1716910494972 1.0 198
1716910495005 1.0 199
1716910495041 1.0 200
1716910495075 1.0 201
1716910495108 1.0 202
1716910495142 1.0 203
1716910495176 0.9974874371859297 204
1716910495211 0.9899497487437185 205
1716910495246 1.0 206
1716910495279 1.0 207
1716910495313 0.9949748743718593 208
1716910495347 0.9974874371859297 209
1716910495381 1.0 210
1716910495415 0.9949748743718593 211
1716910495448 0.9949748743718593 212
1716910495482 1.0 213
1716910495516 0.9949748743718593 214
1716910495549 0.9899497487437185 215
1716910495583 0.9723618090452262 216
1716910495617 0.9974874371859297 217
1716910495651 0.9874371859296482 218
1716910495685 0.9949748743718593 219
1716910495716 1.0 220
1716910495750 0.9974874371859297 221
1716910495784 0.9849246231155779 222
1716910495818 1.0 223
1716910495851 1.0 224
1716910495885 1.0 225
1716910495919 0.9974874371859297 226
1716910495953 1.0 227
1716910495986 0.9974874371859297 228
1716910496019 0.9974874371859297 229
1716910496053 0.992462311557789 230
1716910496088 1.0 231
1716910496121 0.9974874371859297 232
1716910496155 0.9974874371859297 233
1716910496190 0.9723618090452262 234
1716910496222 0.9974874371859297 235
1716910496255 0.9874371859296482 236
1716910496289 0.9949748743718593 237
1716910496323 1.0 238
1716910496357 0.9974874371859297 239
1716910496392 0.9899497487437185 240
1716910496427 0.9949748743718593 241
1716910496459 1.0 242
1716910496492 0.9899497487437185 243
1716910496526 1.0 244
1716910496560 0.9974874371859297 245
1716910496593 1.0 246
1716910496627 1.0 247
1716910496660 0.9974874371859297 248
1716910496695 1.0 249
1716910496728 0.9949748743718593 250
