1716910488339 0.8301886792452831 1
1716910488374 0.9319727891156463 2
1716910488408 0.9764309764309763 3
1716910488443 0.9415807560137458 4
1716910488477 0.9513888888888888 5
1716910488511 0.9764309764309763 6
1716910488546 0.9795918367346937 7
1716910488580 0.9605263157894737 8
1716910488613 0.9727891156462585 9
1716910488647 0.9480519480519481 10
1716910488681 0.9726027397260273 11
1716910488715 0.9833887043189369 12
1716910488749 0.9657534246575343 13
1716910488783 0.9657534246575343 14
1716910488817 0.983050847457627 15
1716910488851 0.9559322033898304 16
1716910488885 0.9733333333333333 17
1716910488920 0.9735099337748345 18
1716910488955 0.9898989898989898 19
1716910488988 0.9655172413793103 20
1716910489021 0.9698996655518394 21
1716910489055 0.9795918367346937 22
1716910489089 0.9801324503311258 23
1716910489123 0.969283276450512 24
1716910489157 0.958904109589041 25
1716910489191 0.9727891156462585 26
1716910489224 0.9764309764309763 27
1716910489257 0.9829351535836178 28
1716910489291 0.9767441860465117 29
1716910489325 0.9762711864406781 30
1716910489358 0.9636963696369636 31
1716910489393 0.9733333333333333 32
1716910489427 0.9797297297297297 33
1716910489461 0.9864864864864865 34
1716910489496 0.9898989898989898 35
1716910489529 0.9899665551839465 36
1716910489563 0.9966329966329966 37
1716910489598 0.9932885906040269 38
1716910489632 0.9932432432432432 39
1716910489665 0.9932432432432432 40
1716910489699 0.9898305084745762 41
1716910489733 0.9641693811074918 42
1716910489766 0.9898305084745762 43
1716910489800 0.9865771812080537 44
1716910489833 0.98 45
1716910489867 0.9932432432432432 46
1716910489902 1.0 47
1716910489936 0.9932885906040269 48
1716910489970 0.9798657718120806 49
1716910490005 0.9795918367346937 50
1716910490039 0.9932885906040269 51
1716910490072 0.9865771812080537 52
1716910490104 0.9899665551839465 53
1716910490136 0.9932885906040269 54
1716910490169 0.9865771812080537 55
1716910490204 0.9966329966329966 56
1716910490239 1.0 57
1716910490272 0.9831649831649831 58
1716910490305 0.9696969696969697 59
1716910490339 0.9797297297297297 60
1716910490373 0.9966329966329966 61
1716910490406 0.9932432432432432 62
1716910490441 0.9966329966329966 63
1716910490473 0.9932885906040269 64
1716910490506 0.9932432432432432 65
1716910490539 0.9966555183946488 66
1716910490573 1.0 67
1716910490607 0.9966555183946488 68
1716910490640 0.9762711864406781 69
1716910490674 0.9898989898989898 70
1716910490707 0.9829351535836178 71
1716910490741 0.9377049180327869 72
1716910490774 0.9602649006622517 73
1716910490808 0.9765886287625419 74
1716910490841 0.9831649831649831 75
1716910490875 0.9966329966329966 76
1716910490909 1.0 77
1716910490942 1.0 78
1716910490976 1.0 79
1716910491010 1.0 80
1716910491043 0.9966555183946488 81
1716910491078 1.0 82
1716910491111 0.9932432432432432 83
1716910491144 0.9602649006622517 84
1716910491178 0.9829351535836178 85
1716910491211 0.9932885906040269 86
1716910491245 0.9898989898989898 87
1716910491279 0.9768976897689768 88
1716910491312 0.9898305084745762 89
1716910491345 0.9798657718120806 90
1716910491378 0.9932885906040269 91
1716910491413 1.0 92
1716910491446 0.9966329966329966 93
1716910491480 0.9966329966329966 94
1716910491513 0.9866666666666667 95
1716910491547 0.9966329966329966 96
1716910491580 0.98 97
1716910491614 0.9932885906040269 98
1716910491648 1.0 99
1716910491681 0.9966555183946488 100
1716910491713 0.9932432432432432 101
1716910491747 1.0 102
1716910491781 0.9898305084745762 103
1716910491816 0.9834983498349835 104
1716910491849 0.9932885906040269 105
1716910491882 0.9966555183946488 106
1716910491916 1.0 107
1716910491949 0.9932885906040269 108
1716910491983 0.9966555183946488 109
1716910492016 1.0 110
1716910492050 1.0 111
1716910492084 1.0 112
1716910492117 0.9933333333333334 113
1716910492150 0.9932432432432432 114
1716910492184 1.0 115
1716910492217 0.9966555183946488 116
1716910492251 0.9794520547945206 117
1716910492284 0.98 118
1716910492318 0.9932432432432432 119
1716910492351 0.9866666666666667 120
1716910492385 0.9795918367346937 121
1716910492419 0.9966329966329966 122
1716910492452 1.0 123
1716910492486 0.9866666666666667 124
1716910492520 0.9966555183946488 125
1716910492553 0.969283276450512 126
1716910492592 0.9932432432432432 127
1716910492627 0.9736842105263157 128
1716910492661 0.9690721649484537 129
1716910492695 0.9863945578231292 130
1716910492727 1.0 131
1716910492761 0.9966329966329966 132
1716910492794 0.9932432432432432 133
1716910492828 1.0 134
1716910492863 0.9966329966329966 135
1716910492896 1.0 136
1716910492929 1.0 137
1716910492963 1.0 138
1716910492997 0.9966555183946488 139
1716910493030 0.9898305084745762 140
1716910493064 0.98 141
1716910493097 1.0 142
1716910493129 1.0 143
1716910493163 1.0 144
1716910493195 1.0 145
1716910493228 1.0 146
1716910493262 0.9932885906040269 147
1716910493295 0.9966329966329966 148
1716910493329 0.9668874172185431 149
1716910493362 0.9932885906040269 150
1716910493395 1.0 151
1716910493428 0.9932885906040269 152
1716910493462 0.9898989898989898 153
1716910493496 0.9798657718120806 154
1716910493530 0.9798657718120806 155
1716910493564 0.9898305084745762 156
1716910493597 0.9932885906040269 157
1716910493629 0.9966329966329966 158
1716910493664 1.0 159
1716910493697 1.0 160
1716910493730 0.9966555183946488 161
1716910493763 0.9966329966329966 162
1716910493795 1.0 163
1716910493830 1.0 164
1716910493864 1.0 165
1716910493898 1.0 166
1716910493930 1.0 167
1716910493965 1.0 168
1716910494000 1.0 169
1716910494033 1.0 170
1716910494067 0.9966555183946488 171
1716910494101 0.958041958041958 172
1716910494134 0.9933333333333334 173
1716910494167 0.9899665551839465 174
1716910494200 0.9797297297297297 175
1716910494233 1.0 176
1716910494266 1.0 177
1716910494300 0.9933333333333334 178
1716910494334 0.9932885906040269 179
1716910494367 0.9863945578231292 180
1716910494401 1.0 181
1716910494435 1.0 182
1716910494468 1.0 183
1716910494502 1.0 184
1716910494536 1.0 185
1716910494569 1.0 186
1716910494603 1.0 187
1716910494637 1.0 188
1716910494670 0.9966555183946488 189
1716910494704 0.9652777777777778 190
1716910494738 0.9933333333333334 191
1716910494771 0.9933333333333334 192
1716910494805 0.9966329966329966 193
1716910494839 0.9966555183946488 194
1716910494871 0.9932885906040269 195
1716910494905 0.9864864864864865 196
1716910494940 1.0 197
1716910494974 1.0 198
1716910495007 1.0 199
1716910495042 1.0 200
1716910495076 1.0 201
1716910495109 1.0 202
1716910495143 1.0 203
1716910495177 0.9966555183946488 204
1716910495213 0.9863945578231292 205
1716910495247 1.0 206
1716910495280 1.0 207
1716910495314 0.9933333333333334 208
1716910495349 0.9966329966329966 209
1716910495382 1.0 210
1716910495416 0.9933333333333334 211
1716910495449 0.9932885906040269 212
1716910495483 1.0 213
1716910495517 0.9932885906040269 214
1716910495551 0.9866666666666667 215
1716910495584 0.9616724738675958 216
1716910495618 0.9966329966329966 217
1716910495652 0.9832775919732442 218
1716910495686 0.9932432432432432 219
1716910495717 1.0 220
1716910495751 0.9966329966329966 221
1716910495785 0.9802631578947368 222
1716910495819 1.0 223
1716910495852 1.0 224
1716910495886 1.0 225
1716910495920 0.9966329966329966 226
1716910495954 1.0 227
1716910495987 0.9966555183946488 228
1716910496021 0.9966329966329966 229
1716910496054 0.9900332225913622 230
1716910496089 1.0 231
1716910496123 0.9966555183946488 232
1716910496156 0.9966329966329966 233
1716910496191 0.964401294498382 234
1716910496224 0.9966329966329966 235
1716910496256 0.9834983498349835 236
1716910496290 0.9932885906040269 237
1716910496325 1.0 238
1716910496358 0.9966555183946488 239
1716910496394 0.9863945578231292 240
1716910496428 0.9932885906040269 241
1716910496460 1.0 242
1716910496493 0.9866666666666667 243
1716910496527 1.0 244
1716910496561 0.9966555183946488 245
1716910496595 1.0 246
1716910496628 1.0 247
1716910496661 0.9966329966329966 248
1716910496696 1.0 249
1716910496729 0.9932885906040269 250
