1716910488338 0.7810650887573964 1
1716910488373 0.9448275862068966 2
1716910488407 0.9797297297297297 3
1716910488442 0.9647887323943662 4
1716910488476 0.9856115107913669 5
1716910488510 0.9797297297297297 6
1716910488545 0.993103448275862 7
1716910488579 0.9419354838709677 8
1716910488613 0.9862068965517241 9
1716910488646 0.9182389937106918 10
1716910488680 0.993006993006993 11
1716910488714 0.9736842105263158 12
1716910488748 0.986013986013986 13
1716910488782 0.986013986013986 14
1716910488817 0.9931506849315068 15
1716910488850 0.9657534246575342 16
1716910488885 0.9668874172185431 17
1716910488920 0.9607843137254902 18
1716910488954 0.9932432432432432 19
1716910488987 0.9929078014184397 20
1716910489020 0.9666666666666667 21
1716910489054 0.993103448275862 22
1716910489088 0.9673202614379085 23
1716910489122 0.9861111111111112 24
1716910489156 0.9790209790209791 25
1716910489190 0.9862068965517241 26
1716910489223 0.9797297297297297 27
1716910489257 1.0 28
1716910489291 0.9671052631578947 29
1716910489325 0.9863013698630136 30
1716910489358 0.948051948051948 31
1716910489392 0.9668874172185431 32
1716910489426 0.9863945578231292 33
1716910489461 0.9931972789115646 34
1716910489496 0.9932432432432432 35
1716910489529 0.9866666666666667 36
1716910489563 1.0 37
1716910489597 0.9932885906040269 38
1716910489631 1.0 39
1716910489665 1.0 40
1716910489698 1.0 41
1716910489732 0.9367088607594937 42
1716910489765 1.0 43
1716910489799 0.9865771812080537 44
1716910489833 0.9735099337748344 45
1716910489866 1.0 46
1716910489901 1.0 47
1716910489935 0.9932885906040269 48
1716910489970 0.9798657718120806 49
1716910490004 0.993103448275862 50
1716910490038 0.9932885906040269 51
1716910490071 0.9865771812080537 52
1716910490103 0.9866666666666667 53
1716910490136 0.9932885906040269 54
1716910490169 0.9865771812080537 55
1716910490204 1.0 56
1716910490238 1.0 57
1716910490272 0.9864864864864865 58
1716910490305 0.972972972972973 59
1716910490339 0.9863945578231292 60
1716910490372 1.0 61
1716910490406 1.0 62
1716910490440 1.0 63
1716910490473 0.9932885906040269 64
1716910490505 1.0 65
1716910490539 0.9933333333333333 66
1716910490572 1.0 67
1716910490606 0.9933333333333333 68
1716910490639 0.9863013698630136 69
1716910490673 0.9932432432432432 70
1716910490707 1.0 71
1716910490740 0.9166666666666666 72
1716910490774 0.9477124183006536 73
1716910490807 0.9733333333333334 74
1716910490841 0.9864864864864865 75
1716910490875 1.0 76
1716910490908 1.0 77
1716910490942 1.0 78
1716910490976 1.0 79
1716910491009 1.0 80
1716910491043 0.9933333333333333 81
1716910491077 1.0 82
1716910491110 1.0 83
1716910491144 0.9477124183006536 84
1716910491177 1.0 85
1716910491210 0.9932885906040269 86
1716910491245 0.9932432432432432 87
1716910491279 0.961038961038961 88
1716910491311 1.0 89
1716910491344 0.9798657718120806 90
1716910491378 0.9932885906040269 91
1716910491412 1.0 92
1716910491445 1.0 93
1716910491479 1.0 94
1716910491513 0.9801324503311258 95
1716910491547 1.0 96
1716910491580 0.9735099337748344 97
1716910491614 0.9932885906040269 98
1716910491647 1.0 99
1716910491680 0.9933333333333333 100
1716910491713 1.0 101
1716910491747 1.0 102
1716910491780 1.0 103
1716910491815 0.9675324675324676 104
1716910491848 0.9932885906040269 105
1716910491882 0.9933333333333333 106
1716910491915 1.0 107
1716910491948 0.9932885906040269 108
1716910491982 0.9933333333333333 109
1716910492016 1.0 110
1716910492050 1.0 111
1716910492083 1.0 112
1716910492116 0.9867549668874173 113
1716910492150 1.0 114
1716910492183 1.0 115
1716910492216 0.9933333333333333 116
1716910492251 1.0 117
1716910492284 0.9735099337748344 118
1716910492318 1.0 119
1716910492351 0.9801324503311258 120
1716910492385 0.993103448275862 121
1716910492418 1.0 122
1716910492452 1.0 123
1716910492486 0.9801324503311258 124
1716910492519 0.9933333333333333 125
1716910492553 0.9861111111111112 126
1716910492591 1.0 127
1716910492626 0.9548387096774194 128
1716910492661 0.9929577464788732 129
1716910492694 1.0 130
1716910492726 1.0 131
1716910492760 1.0 132
1716910492794 1.0 133
1716910492827 1.0 134
1716910492862 1.0 135
1716910492895 1.0 136
1716910492929 1.0 137
1716910492963 1.0 138
1716910492996 0.9933333333333333 139
1716910493030 1.0 140
1716910493063 0.9735099337748344 141
1716910493096 1.0 142
1716910493128 1.0 143
1716910493162 1.0 144
1716910493194 1.0 145
1716910493228 1.0 146
1716910493262 0.9932885906040269 147
1716910493295 1.0 148
1716910493328 0.954248366013072 149
1716910493361 0.9932885906040269 150
1716910493394 1.0 151
1716910493428 0.9932885906040269 152
1716910493461 0.9932432432432432 153
1716910493496 0.9798657718120806 154
1716910493529 0.9798657718120806 155
1716910493563 1.0 156
1716910493597 0.9932885906040269 157
1716910493629 1.0 158
1716910493663 1.0 159
1716910493696 1.0 160
1716910493729 0.9933333333333333 161
1716910493762 1.0 162
1716910493795 1.0 163
1716910493829 1.0 164
1716910493864 1.0 165
1716910493897 1.0 166
1716910493930 1.0 167
1716910493965 1.0 168
1716910493999 1.0 169
1716910494032 1.0 170
1716910494066 0.9933333333333333 171
1716910494101 1.0 172
1716910494133 0.9867549668874173 173
1716910494166 0.9866666666666667 174
1716910494199 0.9863945578231292 175
1716910494232 1.0 176
1716910494265 1.0 177
1716910494300 0.9867549668874173 178
1716910494333 0.9932885906040269 179
1716910494366 1.0 180
1716910494401 1.0 181
1716910494434 1.0 182
1716910494467 1.0 183
1716910494501 1.0 184
1716910494535 1.0 185
1716910494568 1.0 186
1716910494603 1.0 187
1716910494637 1.0 188
1716910494670 0.9933333333333333 189
1716910494703 1.0 190
1716910494737 0.9867549668874173 191
1716910494770 0.9867549668874173 192
1716910494804 1.0 193
1716910494838 0.9933333333333333 194
1716910494870 0.9932885906040269 195
1716910494904 0.9931972789115646 196
1716910494939 1.0 197
1716910494973 1.0 198
1716910495006 1.0 199
1716910495041 1.0 200
1716910495075 1.0 201
1716910495109 1.0 202
1716910495142 1.0 203
1716910495177 0.9933333333333333 204
1716910495212 1.0 205
1716910495246 1.0 206
1716910495280 1.0 207
1716910495314 0.9867549668874173 208
1716910495348 1.0 209
1716910495381 1.0 210
1716910495415 0.9867549668874173 211
1716910495449 0.9932885906040269 212
1716910495482 1.0 213
1716910495516 0.9932885906040269 214
1716910495550 0.9801324503311258 215
1716910495583 1.0 216
1716910495617 1.0 217
1716910495652 0.98 218
1716910495685 1.0 219
1716910495717 1.0 220
1716910495750 1.0 221
1716910495785 0.9612903225806452 222
1716910495818 1.0 223
1716910495851 1.0 224
1716910495885 1.0 225
1716910495919 1.0 226
1716910495953 1.0 227
1716910495987 0.9933333333333333 228
1716910496020 1.0 229
1716910496053 0.9802631578947368 230
1716910496088 1.0 231
1716910496122 0.9933333333333333 232
1716910496155 1.0 233
1716910496190 0.93125 234
1716910496223 1.0 235
1716910496255 0.9675324675324676 236
1716910496289 0.9932885906040269 237
1716910496324 1.0 238
1716910496357 0.9933333333333333 239
1716910496393 1.0 240
1716910496427 0.9932885906040269 241
1716910496459 1.0 242
1716910496493 0.9801324503311258 243
1716910496527 1.0 244
1716910496561 0.9933333333333333 245
1716910496594 1.0 246
1716910496628 1.0 247
1716910496661 1.0 248
1716910496695 1.0 249
1716910496729 0.9932885906040269 250
