1716910488341 0.33098760672977995 1
1716910488375 0.13488208209829672 2
1716910488410 0.09901080067668643 3
1716910488445 0.18678242713212967 4
1716910488479 0.10930139677865165 5
1716910488513 0.0645961192037378 6
1716910488548 0.054816690140536854 7
1716910488582 0.07068733578281743 8
1716910488615 0.07291775928544146 9
1716910488648 0.10610458148377282 10
1716910488683 0.05024980514177254 11
1716910488716 0.04530993316854749 12
1716910488750 0.06854833888688258 13
1716910488784 0.09697832353413105 14
1716910488819 0.04102274828723499 15
1716910488853 0.07489329729495305 16
1716910488887 0.052900277942951233 17
1716910488922 0.03577860837270107 18
1716910488956 0.04753120103850961 19
1716910488989 0.09855201108647245 20
1716910489022 0.05545646604150534 21
1716910489056 0.08259204948054892 22
1716910489090 0.05777776534003871 23
1716910489125 0.07422205273594175 24
1716910489158 0.072592968121171 25
1716910489192 0.047777083569339344 26
1716910489225 0.05655284891171115 27
1716910489259 0.04177871200123003 28
1716910489293 0.044058418300534995 29
1716910489327 0.06428862163530928 30
1716910489360 0.06483051646500826 31
1716910489395 0.08148184831121139 32
1716910489429 0.04878489500177758 33
1716910489463 0.030799844900944402 34
1716910489498 0.025381520057895353 35
1716910489531 0.030899424904159138 36
1716910489565 0.00677339852388416 37
1716910489599 0.010549634229391813 38
1716910489633 0.00772666628472507 39
1716910489667 0.011112748113061701 40
1716910489701 0.026056747185066342 41
1716910489734 0.08885654248297215 42
1716910489767 0.017657306311385974 43
1716910489802 0.028249610381733094 44
1716910489835 0.028499156768832887 45
1716910489869 0.0156620985695294 46
1716910489904 0.004783213105318802 47
1716910489937 0.0360203158675826 48
1716910489972 0.05119689181447029 49
1716910490006 0.04959381464868784 50
1716910490040 0.017344070398913964 51
1716910490073 0.022780984972736666 52
1716910490105 0.03283231066805976 53
1716910490138 0.00990831881894597 54
1716910490171 0.03283755584353847 55
1716910490206 0.009546347694205386 56
1716910490240 0.005938184846724782 57
1716910490274 0.050973702039170475 58
1716910490307 0.056142129303355305 59
1716910490341 0.03156893487487521 60
1716910490375 0.01729358366823622 61
1716910490408 0.006830602352108274 62
1716910490442 0.008603453985415399 63
1716910490475 0.014649202398556684 64
1716910490508 0.01310117419676057 65
1716910490541 0.01623359866373773 66
1716910490575 0.0022112694984701064 67
1716910490608 0.07611820021078788 68
1716910490641 0.10124106991237827 69
1716910490675 0.036306560571704595 70
1716910490709 0.08840374049863645 71
1716910490742 0.13528707836355483 72
1716910490776 0.07702012014176164 73
1716910490810 0.04460779590798276 74
1716910490843 0.02374747588432261 75
1716910490877 0.009186109927083765 76
1716910490911 0.008213655091822147 77
1716910490944 0.006209103357312935 78
1716910490978 0.002400803196776126 79
1716910491011 0.0033856410632974337 80
1716910491045 0.012714044856173652 81
1716910491079 0.004635540070012212 82
1716910491112 0.008099610592970359 83
1716910491146 0.11987786454015545 84
1716910491179 0.036252912266978195 85
1716910491213 0.013140576791816525 86
1716910491247 0.08023516873696021 87
1716910491281 0.06627849622496537 88
1716910491313 0.04064536480499165 89
1716910491347 0.033111950382590294 90
1716910491380 0.01991761781807457 91
1716910491414 0.007746334803024573 92
1716910491447 0.008576431993528135 93
1716910491482 0.04271140009430902 94
1716910491515 0.024399271567485163 95
1716910491549 0.053100094332226684 96
1716910491582 0.03812321391887963 97
1716910491616 0.016461249607216035 98
1716910491649 0.007757992649983082 99
1716910491682 0.01664889434219471 100
1716910491715 0.016059327072330883 101
1716910491749 0.006621116872078606 102
1716910491782 0.030828772012942603 103
1716910491817 0.044501961807587316 104
1716910491850 0.012437921815684863 105
1716910491884 0.0072693034806954005 106
1716910491917 0.0037110435410535763 107
1716910491951 0.0074362082107524785 108
1716910491985 0.011759839852207474 109
1716910492018 0.0034388218108298524 110
1716910492052 0.001336941753314542 111
1716910492085 0.0014854503928550652 112
1716910492119 0.012509435943294582 113
1716910492152 0.007615806921551537 114
1716910492185 0.0033359063423371743 115
1716910492219 0.0294854916906583 116
1716910492253 0.0351168752115752 117
1716910492286 0.05038426739961973 118
1716910492320 0.02881415214921747 119
1716910492353 0.020288836410535232 120
1716910492387 0.025981895459283675 121
1716910492420 0.006082508945837617 122
1716910492454 0.0033751699374988675 123
1716910492488 0.02994736540962809 124
1716910492522 0.030302860690946027 125
1716910492555 0.05735221638211182 126
1716910492593 0.08902497112285346 127
1716910492628 0.08098120674757021 128
1716910492663 0.0648038862273097 129
1716910492696 0.033378369574035914 130
1716910492729 0.011061704950407147 131
1716910492763 0.01463478886788445 132
1716910492796 0.01461486634798348 133
1716910492830 0.004284132272005081 134
1716910492864 0.010610534210822411 135
1716910492898 0.002882087486796081 136
1716910492931 0.002332413976546377 137
1716910492965 0.00126746271936489 138
1716910492998 0.03415676452485578 139
1716910493032 0.027597803389653563 140
1716910493066 0.08560260139139635 141
1716910493099 0.007814499341683196 142
1716910493131 0.005651772920308369 143
1716910493164 0.005767356953583658 144
1716910493197 0.00302486792705687 145
1716910493230 0.004417199807773743 146
1716910493264 0.010401255309781325 147
1716910493297 0.028494477421710535 148
1716910493331 0.07475752363513623 149
1716910493363 0.012813225255480834 150
1716910493397 0.0052774888130703145 151
1716910493430 0.04931677545287779 152
1716910493464 0.029105186395879303 153
1716910493498 0.15903999430260488 154
1716910493531 0.07707633424018111 155
1716910493566 0.061428007403654714 156
1716910493599 0.014284186630642839 157
1716910493631 0.019149357486250147 158
1716910493665 0.002883002527856401 159
1716910493699 0.0017855646521119134 160
1716910493731 0.015405721945821174 161
1716910493764 0.020909735118038952 162
1716910493797 0.006733068647528333 163
1716910493831 0.0036379513663372825 164
1716910493866 0.0011710377335215785 165
1716910493899 0.0014652803615068219 166
1716910493932 0.0011831381998490542 167
1716910493967 0.0010245600341087474 168
1716910494001 0.0009689820248500577 169
1716910494035 0.001191090522167672 170
1716910494069 0.04213831436520975 171
1716910494103 0.1246439074665042 172
1716910494135 0.013387157315654414 173
1716910494168 0.012568030888879938 174
1716910494201 0.0658043210361419 175
1716910494234 0.007275456762207406 176
1716910494268 0.0028885341848113705 177
1716910494302 0.006638432877870011 178
1716910494336 0.029213204173304672 179
1716910494368 0.02932902072955455 180
1716910494403 0.002975443028844893 181
1716910494436 0.0023831718884009334 182
1716910494470 0.0013384424133359321 183
1716910494504 0.0031662994338798205 184
1716910494537 0.00215583442228048 185
1716910494570 0.0013237853584411954 186
1716910494605 0.0005577205634576135 187
1716910494639 0.0010386250339381928 188
1716910494672 0.023362738082401587 189
1716910494706 0.05158686834121389 190
1716910494739 0.02057398553006351 191
1716910494773 0.006946880811093641 192
1716910494806 0.004702160434265222 193
1716910494840 0.006010786380751857 194
1716910494872 0.008326105120691605 195
1716910494907 0.020909089046264335 196
1716910494941 0.004380748615533646 197
1716910494975 0.0022260735110778895 198
1716910495008 0.0013305802006340986 199
1716910495044 0.002094891406678861 200
1716910495077 0.0014552620331025018 201
1716910495111 0.0009002908970744881 202
1716910495145 0.0005046406710919525 203
1716910495179 0.014759089876731326 204
1716910495215 0.027227004524320364 205
1716910495248 0.00511441402237064 206
1716910495283 0.0016577702855491744 207
1716910495316 0.0114396424552459 208
1716910495350 0.005605362738216562 209
1716910495384 0.005865152675791511 210
1716910495417 0.017807693137521192 211
1716910495451 0.015164610709429585 212
1716910495484 0.003388547513168305 213
1716910495518 0.008666392008308321 214
1716910495552 0.12318548579267892 215
1716910495586 0.10436228130544935 216
1716910495620 0.018045837857893536 217
1716910495654 0.03920503965179835 218
1716910495687 0.016270554458190287 219
1716910495719 0.005507671224352505 220
1716910495752 0.01957268183053072 221
1716910495787 0.02008661752500172 222
1716910495820 0.012335361463816039 223
1716910495854 0.002639012984997992 224
1716910495887 0.001880846609960177 225
1716910495922 0.015521137975156307 226
1716910495955 0.0025617542643366115 227
1716910495989 0.007406424360981744 228
1716910496022 0.04251289512363395 229
1716910496056 0.021086878409343108 230
1716910496091 0.009811603231355548 231
1716910496124 0.009926100727170706 232
1716910496157 0.06544200470671058 233
1716910496192 0.08863968548497983 234
1716910496225 0.02593855164013803 235
1716910496258 0.03484679580599602 236
1716910496292 0.018363173452339003 237
1716910496326 0.004821726004593074 238
1716910496360 0.026870161926906024 239
1716910496395 0.025653124229782925 240
1716910496429 0.01366632479974734 241
1716910496461 0.0028453657869249582 242
1716910496495 0.015990858889251416 243
1716910496529 0.002733334632856505 244
1716910496563 0.013319814328237303 245
1716910496596 0.0059696449731875744 246
1716910496630 0.004093990794249943 247
1716910496663 0.012141402070743166 248
1716910496698 0.0011243352782912552 249
1716910496731 0.005672791519568169 250
