1716910488338 0.8859060402684564 1
1716910488373 0.9194630872483222 2
1716910488408 0.9731543624161074 3
1716910488443 0.9194630872483222 4
1716910488477 0.9194630872483222 5
1716910488511 0.9731543624161074 6
1716910488546 0.9664429530201343 7
1716910488580 0.9798657718120806 8
1716910488613 0.959731543624161 9
1716910488647 0.9798657718120806 10
1716910488681 0.9530201342281879 11
1716910488715 0.9932885906040269 12
1716910488748 0.9463087248322147 13
1716910488782 0.9463087248322147 14
1716910488817 0.9731543624161074 15
1716910488851 0.9463087248322147 16
1716910488885 0.9798657718120806 17
1716910488920 0.9865771812080537 18
1716910488954 0.9865771812080537 19
1716910488988 0.9395973154362416 20
1716910489020 0.9731543624161074 21
1716910489054 0.9664429530201343 22
1716910489089 0.9932885906040269 23
1716910489123 0.9530201342281879 24
1716910489156 0.9395973154362416 25
1716910489190 0.959731543624161 26
1716910489224 0.9731543624161074 27
1716910489257 0.9664429530201343 28
1716910489291 0.9865771812080537 29
1716910489325 0.9664429530201343 30
1716910489358 0.9798657718120806 31
1716910489393 0.9798657718120806 32
1716910489427 0.9731543624161074 33
1716910489461 0.9798657718120806 34
1716910489496 0.9865771812080537 35
1716910489529 0.9932885906040269 36
1716910489563 0.9932885906040269 37
1716910489597 0.9932885906040269 38
1716910489632 0.9865771812080537 39
1716910489665 0.9865771812080537 40
1716910489699 0.9798657718120806 41
1716910489732 0.9932885906040269 42
1716910489766 0.9798657718120806 43
1716910489800 0.9865771812080537 44
1716910489833 0.9865771812080537 45
1716910489867 0.9865771812080537 46
1716910489902 1.0 47
1716910489936 0.9932885906040269 48
1716910489970 0.9798657718120806 49
1716910490004 0.9664429530201343 50
1716910490038 0.9932885906040269 51
1716910490071 0.9865771812080537 52
1716910490104 0.9932885906040269 53
1716910490136 0.9932885906040269 54
1716910490169 0.9865771812080537 55
1716910490204 0.9932885906040269 56
1716910490238 1.0 57
1716910490272 0.9798657718120806 58
1716910490305 0.9664429530201343 59
1716910490339 0.9731543624161074 60
1716910490373 0.9932885906040269 61
1716910490406 0.9865771812080537 62
1716910490440 0.9932885906040269 63
1716910490473 0.9932885906040269 64
1716910490506 0.9865771812080537 65
1716910490539 1.0 66
1716910490573 1.0 67
1716910490607 1.0 68
1716910490639 0.9664429530201343 69
1716910490674 0.9865771812080537 70
1716910490707 0.9664429530201343 71
1716910490740 0.959731543624161 72
1716910490774 0.9731543624161074 73
1716910490808 0.9798657718120806 74
1716910490841 0.9798657718120806 75
1716910490875 0.9932885906040269 76
1716910490909 1.0 77
1716910490942 1.0 78
1716910490976 1.0 79
1716910491009 1.0 80
1716910491043 1.0 81
1716910491077 1.0 82
1716910491110 0.9865771812080537 83
1716910491144 0.9731543624161074 84
1716910491178 0.9664429530201343 85
1716910491211 0.9932885906040269 86
1716910491245 0.9865771812080537 87
1716910491279 0.9932885906040269 88
1716910491311 0.9798657718120806 89
1716910491345 0.9798657718120806 90
1716910491378 0.9932885906040269 91
1716910491412 1.0 92
1716910491445 0.9932885906040269 93
1716910491480 0.9932885906040269 94
1716910491513 0.9932885906040269 95
1716910491547 0.9932885906040269 96
1716910491580 0.9865771812080537 97
1716910491614 0.9932885906040269 98
1716910491648 1.0 99
1716910491680 1.0 100
1716910491713 0.9865771812080537 101
1716910491747 1.0 102
1716910491780 0.9798657718120806 103
1716910491815 1.0 104
1716910491848 0.9932885906040269 105
1716910491882 1.0 106
1716910491916 1.0 107
1716910491949 0.9932885906040269 108
1716910491983 1.0 109
1716910492016 1.0 110
1716910492050 1.0 111
1716910492083 1.0 112
1716910492117 1.0 113
1716910492150 0.9865771812080537 114
1716910492183 1.0 115
1716910492216 1.0 116
1716910492251 0.959731543624161 117
1716910492284 0.9865771812080537 118
1716910492318 0.9865771812080537 119
1716910492351 0.9932885906040269 120
1716910492385 0.9664429530201343 121
1716910492418 0.9932885906040269 122
1716910492452 1.0 123
1716910492486 0.9932885906040269 124
1716910492519 1.0 125
1716910492553 0.9530201342281879 126
1716910492592 0.9865771812080537 127
1716910492626 0.9932885906040269 128
1716910492661 0.9463087248322147 129
1716910492694 0.9731543624161074 130
1716910492727 1.0 131
1716910492761 0.9932885906040269 132
1716910492794 0.9865771812080537 133
1716910492828 1.0 134
1716910492862 0.9932885906040269 135
1716910492896 1.0 136
1716910492929 1.0 137
1716910492963 1.0 138
1716910492996 1.0 139
1716910493030 0.9798657718120806 140
1716910493064 0.9865771812080537 141
1716910493097 1.0 142
1716910493129 1.0 143
1716910493162 1.0 144
1716910493195 1.0 145
1716910493228 1.0 146
1716910493262 0.9932885906040269 147
1716910493295 0.9932885906040269 148
1716910493329 0.9798657718120806 149
1716910493361 0.9932885906040269 150
1716910493395 1.0 151
1716910493428 0.9932885906040269 152
1716910493462 0.9865771812080537 153
1716910493496 0.9798657718120806 154
1716910493530 0.9798657718120806 155
1716910493563 0.9798657718120806 156
1716910493597 0.9932885906040269 157
1716910493629 0.9932885906040269 158
1716910493663 1.0 159
1716910493697 1.0 160
1716910493729 1.0 161
1716910493762 0.9932885906040269 162
1716910493795 1.0 163
1716910493829 1.0 164
1716910493864 1.0 165
1716910493897 1.0 166
1716910493930 1.0 167
1716910493965 1.0 168
1716910494000 1.0 169
1716910494033 1.0 170
1716910494067 1.0 171
1716910494101 0.9194630872483222 172
1716910494134 1.0 173
1716910494167 0.9932885906040269 174
1716910494200 0.9731543624161074 175
1716910494232 1.0 176
1716910494266 1.0 177
1716910494300 1.0 178
1716910494334 0.9932885906040269 179
1716910494366 0.9731543624161074 180
1716910494401 1.0 181
1716910494435 1.0 182
1716910494468 1.0 183
1716910494502 1.0 184
1716910494536 1.0 185
1716910494568 1.0 186
1716910494603 1.0 187
1716910494637 1.0 188
1716910494670 1.0 189
1716910494703 0.9328859060402684 190
1716910494737 1.0 191
1716910494771 1.0 192
1716910494804 0.9932885906040269 193
1716910494838 1.0 194
1716910494870 0.9932885906040269 195
1716910494905 0.9798657718120806 196
1716910494939 1.0 197
1716910494973 1.0 198
1716910495006 1.0 199
1716910495042 1.0 200
1716910495075 1.0 201
1716910495109 1.0 202
1716910495143 1.0 203
1716910495177 1.0 204
1716910495212 0.9731543624161074 205
1716910495246 1.0 206
1716910495280 1.0 207
1716910495314 1.0 208
1716910495348 0.9932885906040269 209
1716910495382 1.0 210
1716910495415 1.0 211
1716910495449 0.9932885906040269 212
1716910495482 1.0 213
1716910495516 0.9932885906040269 214
1716910495550 0.9932885906040269 215
1716910495584 0.9261744966442953 216
1716910495618 0.9932885906040269 217
1716910495652 0.9865771812080537 218
1716910495685 0.9865771812080537 219
1716910495717 1.0 220
1716910495750 0.9932885906040269 221
1716910495785 1.0 222
1716910495819 1.0 223
1716910495852 1.0 224
1716910495886 1.0 225
1716910495920 0.9932885906040269 226
1716910495953 1.0 227
1716910495987 1.0 228
1716910496020 0.9932885906040269 229
1716910496054 1.0 230
1716910496089 1.0 231
1716910496122 1.0 232
1716910496155 0.9932885906040269 233
1716910496190 1.0 234
1716910496223 0.9932885906040269 235
1716910496256 1.0 236
1716910496290 0.9932885906040269 237
1716910496324 1.0 238
1716910496358 1.0 239
1716910496393 0.9731543624161074 240
1716910496427 0.9932885906040269 241
1716910496459 1.0 242
1716910496493 0.9932885906040269 243
1716910496527 1.0 244
1716910496561 1.0 245
1716910496594 1.0 246
1716910496628 1.0 247
1716910496661 0.9932885906040269 248
1716910496696 1.0 249
1716910496729 0.9932885906040269 250
