1716909531968 0.39515413131032673 1
1716909532003 0.15853249707392283 2
1716909532037 0.12448750862053462 3
1716909532073 0.07733100652694702 4
1716909532107 0.06483746320009232 5
1716909532141 0.17447938982929503 6
1716909532176 0.09398031154913562 7
1716909532210 0.3403291678322213 8
1716909532244 0.13932875118085317 9
1716909532279 0.07841839561504978 10
1716909532313 0.045999792005334585 11
1716909532347 0.048631469319973676 12
1716909532383 0.04052308414663587 13
1716909532418 0.03088973302926336 14
1716909532454 0.02460875847776021 15
1716909532491 0.15138090162404946 16
1716909532526 0.044252293184399605 17
1716909532559 0.03138522404645171 18
1716909532594 0.02188138583941119 19
1716909532628 0.06340977290113058 20
1716909532665 0.09697045172963824 21
1716909532708 0.11724868576441493 22
1716909532746 0.07329586095043591 23
1716909532780 0.03273092529603413 24
1716909532815 0.05697323035980974 25
1716909532850 0.06652682540672165 26
1716909532884 0.04606799641624093 27
1716909532918 0.04628005896561912 28
1716909532952 0.11262001815651144 29
1716909532985 0.12750829782869136 30
1716909533020 0.0487305468746594 31
1716909533055 0.04737893711509449 32
1716909533090 0.023343780477132117 33
1716909533127 0.02092169344957386 34
1716909533161 0.01941023687166827 35
1716909533195 0.01713256331692849 36
1716909533229 0.022668930868219053 37
1716909533263 0.009447956191641944 38
1716909533298 0.0069119296801675644 39
1716909533333 0.017594517574512532 40
1716909533367 0.06974937284498342 41
1716909533402 0.020193548573713218 42
1716909533435 0.023260549509099553 43
1716909533469 0.0529355465966676 44
1716909533502 0.016340658866933415 45
1716909533537 0.013012325091819679 46
1716909533572 0.010085958022890347 47
1716909533606 0.004860700124741665 48
1716909533642 0.028271821410661296 49
1716909533676 0.03906522990603532 50
1716909533710 0.04295212961733341 51
1716909533744 0.05603259662166238 52
1716909533778 0.010795739961655013 53
1716909533812 0.016204485470162972 54
1716909533845 0.04027729022449681 55
1716909533879 0.03642052417022309 56
1716909533912 0.046399993622409444 57
1716909533947 0.030811745074710677 58
1716909533982 0.031578256016863246 59
1716909534016 0.024593507205801352 60
1716909534050 0.04006858715521438 61
1716909534085 0.011304777880598391 62
1716909534118 0.01758926539748375 63
1716909534152 0.01096110265435917 64
1716909534187 0.002809496596455574 65
1716909534221 0.03191543884375798 66
1716909534255 0.04294413827093584 67
1716909534288 0.013197839709131845 68
1716909534322 0.010185981651635043 69
1716909534357 0.0408297880286617 70
1716909534390 0.05502849188633263 71
1716909534425 0.02630854823759624 72
1716909534459 0.027455936651676893 73
1716909534494 0.018927909300795624 74
1716909534527 0.00944133837973433 75
1716909534561 0.004910822924492615 76
1716909534595 0.008280446885951928 77
1716909534629 0.007812617812305689 78
1716909534665 0.0030570910728004363 79
1716909534699 0.0016536228525053178 80
1716909534734 0.0011249927920289338 81
1716909534769 0.009692016440177602 82
1716909534803 0.014867692537206625 83
1716909534836 0.004820558758053396 84
1716909534869 0.040251585588391335 85
1716909534903 0.02143277570472232 86
1716909534938 0.006549050116778484 87
1716909534972 0.0018249928086463893 88
1716909535005 0.07899156212806702 89
1716909535038 0.18680970902953828 90
1716909535072 0.1391733991248267 91
1716909535106 0.11776733079126903 92
1716909535140 0.04858021970306124 93
1716909535174 0.030752945824393203 94
1716909535208 0.02183289852525507 95
1716909535241 0.024766496249607632 96
1716909535275 0.045310994709974954 97
1716909535310 0.07097893454400557 98
1716909535343 0.03284717025235295 99
1716909535378 0.02287740880689983 100
1716909535412 0.0245234063227794 101
1716909535446 0.027311460547415272 102
1716909535480 0.04305731964164546 103
1716909535514 0.026149556007502333 104
1716909535548 0.02032846022796418 105
1716909535582 0.013607340665268046 106
1716909535615 0.005860968775648091 107
1716909535649 0.006807128366615091 108
1716909535684 0.021645736215370043 109
1716909535718 0.05174857856971877 110
1716909535753 0.06674325565940567 111
1716909535787 0.021750181813591292 112
1716909535821 0.00938095205596515 113
1716909535854 0.006002280960923859 114
1716909535888 0.009618853717776281 115
1716909535922 0.012387261526393039 116
1716909535955 0.013757423497736454 117
1716909535989 0.01812241698748299 118
1716909536023 0.0600984821628247 119
1716909536057 0.022297230233172222 120
1716909536091 0.02652807779876249 121
1716909536126 0.15582525582119292 122
1716909536159 0.03793498634227684 123
1716909536195 0.02059753398810114 124
1716909536229 0.017800496159387485 125
1716909536262 0.00973671387016241 126
1716909536295 0.007070430936957044 127
1716909536329 0.003427765448577702 128
1716909536364 0.0069746750273874825 129
1716909536398 0.010521883510851435 130
1716909536433 0.009109090830731605 131
1716909536467 0.0021856007515452802 132
1716909536501 0.04175219410431704 133
1716909536534 0.04152169663991247 134
1716909536566 0.023325938249139914 135
1716909536601 0.00569538412881749 136
1716909536635 0.015213333086908929 137
1716909536669 0.0019909580421101835 138
1716909536705 0.0041833967552520335 139
1716909536739 0.0015257240073489292 140
1716909536774 0.01346345862007833 141
1716909536807 0.0202897046443208 142
1716909536842 0.06454107043932059 143
1716909536876 0.09320455222457115 144
1716909536910 0.04487551935017109 145
1716909536944 0.004362837644293904 146
1716909536979 0.004352953085409743 147
1716909537013 0.00256773635296018 148
1716909537048 0.004907523348395314 149
1716909537082 0.0164881253315668 150
1716909537116 0.014678182637518538 151
1716909537150 0.005908634588454983 152
1716909537184 0.002646787141981934 153
1716909537219 0.0015582569301061863 154
1716909537253 0.0026821712464360254 155
1716909537286 0.01174211099195028 156
1716909537319 0.0358313577266277 157
1716909537352 0.007078294816892594 158
1716909537385 0.007237460921585027 159
1716909537419 0.004831201338674873 160
1716909537453 0.001403870776162616 161
1716909537487 0.0042808371030592495 162
1716909537521 0.012561766472312488 163
1716909537555 0.001618078107380175 164
1716909537589 0.005411031680913376 165
1716909537622 0.0013366579036560974 166
1716909537656 0.0025839222486995694 167
1716909537690 0.003580566092361031 168
1716909537725 0.04188194512555908 169
1716909537758 0.17704040371297328 170
1716909537792 0.10015653665842754 171
1716909537826 0.07495997274028403 172
1716909537859 0.015663606513823782 173
1716909537893 0.019946135696955025 174
1716909537927 0.010291967740548509 175
1716909537961 0.008160634165895837 176
1716909537996 0.015594685383673226 177
1716909538029 0.0038322719878384043 178
1716909538063 0.0035261111167658654 179
1716909538097 0.00265968541914065 180
1716909538131 0.0036770671639325364 181
1716909538163 0.0033995813365826117 182
1716909538198 0.0013128884020261467 183
1716909538233 0.0020427826966624707 184
1716909538267 0.0017276727511281414 185
1716909538301 0.0013236346504917102 186
1716909538349 0.001219594934290009 187
1716909538384 0.0010021143908878522 188
1716909538418 0.0021856052667966913 189
1716909538452 0.0011522393740181411 190
1716909538486 0.001638112452513139 191
1716909538520 0.0011059132458675386 192
1716909538555 0.006426706648198888 193
1716909538589 0.0038533033179451843 194
1716909538624 0.0005940097284370235 195
1716909538658 0.0012835540567591255 196
1716909538691 0.0010656808008207008 197
1716909538726 0.0008969197359484886 198
1716909538761 0.001049587068596988 199
1716909538795 0.0004073136910197458 200
1716909538830 0.004770053037126283 201
1716909538864 0.018811009566499188 202
1716909538897 0.004257842713351627 203
1716909538931 0.039931119721066874 204
1716909538965 0.047518199827339104 205
1716909539000 0.00820362230297178 206
1716909539034 0.009379192450848808 207
1716909539069 0.02769043351457055 208
1716909539102 0.09288986747352672 209
1716909539136 0.016099464015236924 210
1716909539169 0.0053803673779059735 211
1716909539203 0.009385975277317422 212
1716909539237 0.02413915496851717 213
1716909539273 0.008127091028394975 214
1716909539307 0.002487140225379595 215
1716909539341 0.0020169405699042337 216
1716909539376 0.04868988390080631 217
1716909539410 0.09966608579270542 218
1716909539444 0.01810397586918303 219
1716909539478 0.010446330050139554 220
1716909539511 0.031895031287734 221
1716909539546 0.025575915068787123 222
1716909539580 0.01641162278662835 223
1716909539615 0.03580294785621975 224
1716909539648 0.014045179588720202 225
1716909539682 0.007468007272109389 226
1716909539715 0.002615895538058664 227
1716909539749 0.0021282119393747833 228
1716909539785 0.015835557656828314 229
1716909539818 0.0247980964569641 230
1716909539852 0.0050050745568504295 231
1716909539886 0.0012267661472183786 232
1716909539919 0.0037380328950738268 233
1716909539954 1.1815766900794447 234
1716909539988 0.030688007295663868 235
1716909540021 0.08757571769612175 236
1716909540055 0.017545484272497042 237
1716909540089 0.011580407752522401 238
1716909540122 0.007298477858837161 239
1716909540156 0.005293900379911065 240
1716909540190 0.004682276464466538 241
1716909540224 0.0017101134456294989 242
1716909540260 0.0024418413190038075 243
1716909540296 0.01269811752717942 244
1716909540329 0.0077125130753432 245
1716909540364 0.0022890453858833227 246
1716909540397 0.0027841221557797064 247
1716909540431 0.0031607440656184088 248
1716909540465 0.001014085573842749 249
1716909540499 0.003065778553718701 250
1716909540532 0.0014206317220149295 251
1716909540566 0.16598175525515607 252
1716909540599 0.005649534760907825 253
1716909540633 0.019666283541092917 254
1716909540668 0.010089076506639165 255
1716909540703 0.0025521281640976667 256
1716909540736 0.0034474911766925027 257
1716909540771 0.05893463253908392 258
1716909540807 0.039265230164996216 259
1716909540841 0.013715809277657951 260
1716909540876 0.009277653248448457 261
1716909540910 0.004596700093575886 262
1716909540943 0.006676911434624344 263
1716909540977 0.038881795796831806 264
1716909541011 0.006870755767782352 265
1716909541045 0.002812690001779369 266
1716909541080 0.003161763273445623 267
1716909541113 0.0025509439375517623 268
1716909541146 0.003275381089354466 269
1716909541179 0.001279514397278295 270
1716909541213 0.006124974028872592 271
1716909541246 0.0011785831302404404 272
1716909541281 0.0014039363886695355 273
1716909541316 0.0011558352645287024 274
1716909541349 0.0016597335052210838 275
1716909541394 0.006377129877884207 276
1716909541428 0.02043599701885666 277
1716909541460 0.003653869402894218 278
1716909541494 0.0006705063070902335 279
1716909541528 0.0005731240110305537 280
1716909541562 0.0945997995108233 281
1716909541595 0.05205016376982842 282
1716909541629 0.0220194663519838 283
1716909541662 0.024793531878718307 284
1716909541697 0.0142997652957482 285
1716909541731 0.00955582207201847 286
1716909541765 0.009146705935043948 287
1716909541800 0.013821686035953462 288
1716909541836 0.010082468157634139 289
1716909541869 0.11062623885559983 290
1716909541903 0.06496924288304788 291
1716909541938 0.015556264069995709 292
1716909541972 0.006257672128932816 293
1716909542006 0.006488345729719315 294
1716909542040 0.013564123871869274 295
1716909542073 0.030144157021173408 296
1716909542108 0.07249024094614599 297
1716909542142 0.04124721259410892 298
1716909542175 0.005734911720667567 299
1716909542210 0.008748999297884958 300
