1716909531966 0.8311688311688312 1
1716909532001 0.9463087248322147 2
1716909532035 0.9556313993174061 3
1716909532071 0.9664429530201343 4
1716909532105 0.9764309764309763 5
1716909532140 0.9133333333333332 6
1716909532174 0.9764309764309763 7
1716909532208 0.9241379310344828 8
1716909532242 0.9375 9
1716909532277 0.9865771812080537 10
1716909532312 0.9866666666666667 11
1716909532346 0.9863945578231292 12
1716909532381 0.9762711864406781 13
1716909532416 0.9864864864864865 14
1716909532452 0.9865771812080537 15
1716909532489 0.9530201342281879 16
1716909532524 0.9798657718120806 17
1716909532557 0.9898989898989898 18
1716909532592 0.9863945578231292 19
1716909532626 0.9797297297297297 20
1716909532664 0.9602649006622517 21
1716909532706 0.9696969696969697 22
1716909532744 0.9543859649122807 23
1716909532778 0.9765886287625419 24
1716909532813 0.9798657718120806 25
1716909532848 0.9726027397260273 26
1716909532882 0.9727891156462585 27
1716909532916 0.9865771812080537 28
1716909532951 0.9690721649484537 29
1716909532984 0.9504950495049505 30
1716909533018 0.9794520547945206 31
1716909533053 0.9731543624161074 32
1716909533088 0.9932432432432432 33
1716909533125 0.9898305084745762 34
1716909533159 0.9932885906040269 35
1716909533193 0.9898305084745762 36
1716909533227 0.9898989898989898 37
1716909533262 0.9966329966329966 38
1716909533296 0.9966555183946488 39
1716909533331 0.9966555183946488 40
1716909533365 0.9556313993174061 41
1716909533400 0.9899665551839465 42
1716909533433 0.9898989898989898 43
1716909533467 0.9727891156462585 44
1716909533501 0.9899665551839465 45
1716909533535 0.9932432432432432 46
1716909533570 0.9932885906040269 47
1716909533604 1.0 48
1716909533640 0.9898989898989898 49
1716909533674 0.9831649831649831 50
1716909533708 0.9694915254237289 51
1716909533742 0.9798657718120806 52
1716909533776 0.9966555183946488 53
1716909533810 1.0 54
1716909533843 0.9898305084745762 55
1716909533877 0.9932885906040269 56
1716909533911 0.9795918367346937 57
1716909533945 0.9865771812080537 58
1716909533980 0.9898989898989898 59
1716909534015 0.9932432432432432 60
1716909534048 0.9831649831649831 61
1716909534083 0.9966555183946488 62
1716909534117 0.9898989898989898 63
1716909534150 0.9966329966329966 64
1716909534185 1.0 65
1716909534219 0.9966555183946488 66
1716909534253 0.9761092150170648 67
1716909534286 0.9932885906040269 68
1716909534320 0.9966329966329966 69
1716909534355 0.9966555183946488 70
1716909534389 0.9795918367346937 71
1716909534423 0.9864864864864865 72
1716909534458 0.9899665551839465 73
1716909534492 0.9898305084745762 74
1716909534525 0.9966329966329966 75
1716909534559 1.0 76
1716909534594 0.9932885906040269 77
1716909534627 0.9966329966329966 78
1716909534663 1.0 79
1716909534697 1.0 80
1716909534732 1.0 81
1716909534767 0.9933333333333334 82
1716909534801 0.9966329966329966 83
1716909534834 1.0 84
1716909534868 0.98 85
1716909534901 0.9898989898989898 86
1716909534936 0.9966555183946488 87
1716909534970 1.0 88
1716909535003 0.9933333333333334 89
1716909535037 0.9025270758122744 90
1716909535070 0.9690721649484537 91
1716909535104 0.9520766773162939 92
1716909535138 0.9898989898989898 93
1716909535173 0.9829351535836178 94
1716909535206 0.9898989898989898 95
1716909535239 0.9932885906040269 96
1716909535274 0.9702970297029703 97
1716909535308 0.9864864864864865 98
1716909535342 0.9863945578231292 99
1716909535376 0.9898305084745762 100
1716909535410 0.9966329966329966 101
1716909535444 0.98 102
1716909535479 0.9801324503311258 103
1716909535513 0.9932432432432432 104
1716909535546 0.9898989898989898 105
1716909535580 0.9966555183946488 106
1716909535614 0.9966555183946488 107
1716909535647 0.9966329966329966 108
1716909535683 0.9899665551839465 109
1716909535717 0.9770491803278688 110
1716909535751 0.9797297297297297 111
1716909535785 0.9863945578231292 112
1716909535819 0.9933333333333334 113
1716909535852 1.0 114
1716909535886 1.0 115
1716909535920 0.9966329966329966 116
1716909535953 0.9933333333333334 117
1716909535987 0.9865771812080537 118
1716909536021 0.9666666666666668 119
1716909536055 0.9863945578231292 120
1716909536090 0.9932885906040269 121
1716909536124 0.98 122
1716909536157 0.9834983498349835 123
1716909536194 0.9966329966329966 124
1716909536227 0.9966329966329966 125
1716909536261 0.9932432432432432 126
1716909536294 1.0 127
1716909536328 1.0 128
1716909536362 0.9966555183946488 129
1716909536396 0.9966329966329966 130
1716909536431 0.9966329966329966 131
1716909536466 1.0 132
1716909536500 0.9966555183946488 133
1716909536532 0.9829351535836178 134
1716909536565 0.9966555183946488 135
1716909536599 1.0 136
1716909536633 0.9966329966329966 137
1716909536667 1.0 138
1716909536703 1.0 139
1716909536738 1.0 140
1716909536772 0.9932432432432432 141
1716909536805 0.9832775919732442 142
1716909536840 0.9735099337748345 143
1716909536875 0.9900332225913622 144
1716909536908 0.9759450171821306 145
1716909536942 1.0 146
1716909536977 1.0 147
1716909537011 1.0 148
1716909537046 1.0 149
1716909537081 0.9966555183946488 150
1716909537114 0.9966329966329966 151
1716909537148 1.0 152
1716909537182 1.0 153
1716909537217 1.0 154
1716909537251 1.0 155
1716909537284 0.9966555183946488 156
1716909537317 0.9864864864864865 157
1716909537350 0.9966555183946488 158
1716909537384 0.9966329966329966 159
1716909537417 1.0 160
1716909537451 1.0 161
1716909537486 1.0 162
1716909537520 0.9932885906040269 163
1716909537553 1.0 164
1716909537587 1.0 165
1716909537620 1.0 166
1716909537654 1.0 167
1716909537688 1.0 168
1716909537723 0.9832775919732442 169
1716909537756 0.9829351535836178 170
1716909537790 0.9514563106796117 171
1716909537824 0.9898305084745762 172
1716909537857 0.9933333333333334 173
1716909537892 0.9832775919732442 174
1716909537925 0.9966555183946488 175
1716909537959 0.9966329966329966 176
1716909537994 0.9899665551839465 177
1716909538027 1.0 178
1716909538061 1.0 179
1716909538095 1.0 180
1716909538129 1.0 181
1716909538162 1.0 182
1716909538196 1.0 183
1716909538231 1.0 184
1716909538266 1.0 185
1716909538299 1.0 186
1716909538347 1.0 187
1716909538382 1.0 188
1716909538416 1.0 189
1716909538450 1.0 190
1716909538484 1.0 191
1716909538518 1.0 192
1716909538554 0.9966329966329966 193
1716909538587 0.9966555183946488 194
1716909538622 1.0 195
1716909538656 1.0 196
1716909538689 1.0 197
1716909538724 1.0 198
1716909538759 1.0 199
1716909538793 1.0 200
1716909538828 1.0 201
1716909538862 0.9865771812080537 202
1716909538895 1.0 203
1716909538929 0.9966329966329966 204
1716909538963 0.9834983498349835 205
1716909538998 1.0 206
1716909539032 0.9932432432432432 207
1716909539067 0.9966555183946488 208
1716909539100 0.9864864864864865 209
1716909539134 0.9966329966329966 210
1716909539167 1.0 211
1716909539201 1.0 212
1716909539235 0.9898305084745762 213
1716909539271 0.9966329966329966 214
1716909539305 1.0 215
1716909539340 1.0 216
1716909539374 0.9966329966329966 217
1716909539409 0.9833887043189369 218
1716909539442 0.9899665551839465 219
1716909539476 0.9932885906040269 220
1716909539509 0.9900332225913622 221
1716909539544 0.9898305084745762 222
1716909539579 0.9966555183946488 223
1716909539613 0.9898989898989898 224
1716909539647 0.9932432432432432 225
1716909539680 1.0 226
1716909539713 1.0 227
1716909539747 1.0 228
1716909539783 0.9933333333333334 229
1716909539816 0.9898305084745762 230
1716909539850 0.9966555183946488 231
1716909539884 1.0 232
1716909539918 1.0 233
1716909539952 0.9900332225913622 234
1716909539986 0.9797297297297297 235
1716909540019 0.9932432432432432 236
1716909540053 0.9933333333333334 237
1716909540087 1.0 238
1716909540120 0.9966329966329966 239
1716909540154 1.0 240
1716909540189 1.0 241
1716909540223 1.0 242
1716909540258 1.0 243
1716909540294 0.9966555183946488 244
1716909540328 0.9966555183946488 245
1716909540362 1.0 246
1716909540395 1.0 247
1716909540429 1.0 248
1716909540463 1.0 249
1716909540497 1.0 250
1716909540530 1.0 251
1716909540564 0.9898305084745762 252
1716909540598 1.0 253
1716909540631 0.9899665551839465 254
1716909540666 0.9932885906040269 255
1716909540701 1.0 256
1716909540734 1.0 257
1716909540769 0.9966329966329966 258
1716909540805 0.9801324503311258 259
1716909540839 0.9933333333333334 260
1716909540874 1.0 261
1716909540908 1.0 262
1716909540941 1.0 263
1716909540975 0.9966329966329966 264
1716909541009 1.0 265
1716909541043 1.0 266
1716909541078 1.0 267
1716909541111 1.0 268
1716909541144 1.0 269
1716909541177 1.0 270
1716909541211 0.9966329966329966 271
1716909541245 1.0 272
1716909541279 1.0 273
1716909541314 1.0 274
1716909541347 1.0 275
1716909541392 1.0 276
1716909541426 0.9867549668874172 277
1716909541459 0.9966329966329966 278
1716909541493 1.0 279
1716909541526 1.0 280
1716909541560 0.9966329966329966 281
1716909541593 0.9767441860465117 282
1716909541627 0.9866666666666667 283
1716909541660 0.9865771812080537 284
1716909541695 1.0 285
1716909541729 1.0 286
1716909541763 0.9933333333333334 287
1716909541798 0.9966329966329966 288
1716909541834 0.9966555183946488 289
1716909541868 0.9898305084745762 290
1716909541902 0.9770491803278688 291
1716909541936 0.9966329966329966 292
1716909541970 1.0 293
1716909542004 1.0 294
1716909542038 0.9966329966329966 295
1716909542071 0.9833887043189369 296
1716909542106 0.9933333333333334 297
1716909542140 0.9863945578231292 298
1716909542173 1.0 299
1716909542208 1.0 300
