1716909531965 0.8693467336683417 1
1716909532000 0.9597989949748744 2
1716909532033 0.9673366834170855 3
1716909532070 0.9748743718592965 4
1716909532104 0.9824120603015075 5
1716909532138 0.9346733668341709 6
1716909532173 0.9824120603015075 7
1716909532207 0.9447236180904522 8
1716909532241 0.9547738693467337 9
1716909532276 0.9899497487437185 10
1716909532310 0.9899497487437185 11
1716909532344 0.9899497487437185 12
1716909532380 0.9824120603015075 13
1716909532415 0.9899497487437185 14
1716909532451 0.9899497487437185 15
1716909532488 0.964824120603015 16
1716909532523 0.9849246231155779 17
1716909532556 0.992462311557789 18
1716909532591 0.9899497487437185 19
1716909532624 0.9849246231155779 20
1716909532662 0.9698492462311558 21
1716909532704 0.9773869346733668 22
1716909532743 0.9673366834170855 23
1716909532777 0.9824120603015075 24
1716909532812 0.9849246231155779 25
1716909532847 0.9798994974874372 26
1716909532881 0.9798994974874372 27
1716909532915 0.9899497487437185 28
1716909532949 0.9773869346733668 29
1716909532982 0.9623115577889447 30
1716909533017 0.9849246231155779 31
1716909533052 0.9798994974874372 32
1716909533087 0.9949748743718593 33
1716909533123 0.992462311557789 34
1716909533158 0.9949748743718593 35
1716909533192 0.992462311557789 36
1716909533226 0.992462311557789 37
1716909533261 0.9974874371859297 38
1716909533295 0.9974874371859297 39
1716909533330 0.9974874371859297 40
1716909533364 0.9673366834170855 41
1716909533399 0.992462311557789 42
1716909533432 0.992462311557789 43
1716909533466 0.9798994974874372 44
1716909533499 0.992462311557789 45
1716909533534 0.9949748743718593 46
1716909533569 0.9949748743718593 47
1716909533603 1.0 48
1716909533639 0.992462311557789 49
1716909533673 0.9874371859296482 50
1716909533707 0.9773869346733668 51
1716909533741 0.9849246231155779 52
1716909533775 0.9974874371859297 53
1716909533808 1.0 54
1716909533842 0.992462311557789 55
1716909533876 0.9949748743718593 56
1716909533909 0.9849246231155779 57
1716909533944 0.9899497487437185 58
1716909533979 0.992462311557789 59
1716909534014 0.9949748743718593 60
1716909534047 0.9874371859296482 61
1716909534082 0.9974874371859297 62
1716909534115 0.992462311557789 63
1716909534149 0.9974874371859297 64
1716909534184 1.0 65
1716909534217 0.9974874371859297 66
1716909534252 0.9824120603015075 67
1716909534285 0.9949748743718593 68
1716909534319 0.9974874371859297 69
1716909534353 0.9974874371859297 70
1716909534387 0.9849246231155779 71
1716909534422 0.9899497487437185 72
1716909534456 0.992462311557789 73
1716909534491 0.992462311557789 74
1716909534524 0.9974874371859297 75
1716909534558 1.0 76
1716909534592 0.9949748743718593 77
1716909534626 0.9974874371859297 78
1716909534662 1.0 79
1716909534696 1.0 80
1716909534731 1.0 81
1716909534765 0.9949748743718593 82
1716909534799 0.9974874371859297 83
1716909534833 1.0 84
1716909534866 0.9849246231155779 85
1716909534900 0.992462311557789 86
1716909534935 0.9974874371859297 87
1716909534969 1.0 88
1716909535002 0.9949748743718593 89
1716909535036 0.9321608040201005 90
1716909535069 0.9773869346733668 91
1716909535103 0.9623115577889447 92
1716909535136 0.992462311557789 93
1716909535171 0.9874371859296482 94
1716909535205 0.992462311557789 95
1716909535238 0.9949748743718593 96
1716909535272 0.9773869346733668 97
1716909535306 0.9899497487437185 98
1716909535341 0.9899497487437185 99
1716909535375 0.992462311557789 100
1716909535408 0.9974874371859297 101
1716909535443 0.9849246231155779 102
1716909535477 0.9849246231155779 103
1716909535511 0.9949748743718593 104
1716909535545 0.992462311557789 105
1716909535579 0.9974874371859297 106
1716909535613 0.9974874371859297 107
1716909535646 0.9974874371859297 108
1716909535682 0.992462311557789 109
1716909535716 0.9824120603015075 110
1716909535750 0.9849246231155779 111
1716909535784 0.9899497487437185 112
1716909535818 0.9949748743718593 113
1716909535851 1.0 114
1716909535885 1.0 115
1716909535919 0.9974874371859297 116
1716909535952 0.9949748743718593 117
1716909535986 0.9899497487437185 118
1716909536020 0.9748743718592965 119
1716909536054 0.9899497487437185 120
1716909536089 0.9949748743718593 121
1716909536122 0.9849246231155779 122
1716909536156 0.9874371859296482 123
1716909536192 0.9974874371859297 124
1716909536226 0.9974874371859297 125
1716909536259 0.9949748743718593 126
1716909536293 1.0 127
1716909536327 1.0 128
1716909536361 0.9974874371859297 129
1716909536395 0.9974874371859297 130
1716909536429 0.9974874371859297 131
1716909536464 1.0 132
1716909536498 0.9974874371859297 133
1716909536531 0.9874371859296482 134
1716909536563 0.9974874371859297 135
1716909536598 1.0 136
1716909536632 0.9974874371859297 137
1716909536666 1.0 138
1716909536702 1.0 139
1716909536736 1.0 140
1716909536771 0.9949748743718593 141
1716909536804 0.9874371859296482 142
1716909536839 0.9798994974874372 143
1716909536874 0.992462311557789 144
1716909536907 0.9824120603015075 145
1716909536941 1.0 146
1716909536976 1.0 147
1716909537010 1.0 148
1716909537044 1.0 149
1716909537079 0.9974874371859297 150
1716909537113 0.9974874371859297 151
1716909537147 1.0 152
1716909537181 1.0 153
1716909537216 1.0 154
1716909537250 1.0 155
1716909537283 0.9974874371859297 156
1716909537316 0.9899497487437185 157
1716909537349 0.9974874371859297 158
1716909537383 0.9974874371859297 159
1716909537416 1.0 160
1716909537450 1.0 161
1716909537484 1.0 162
1716909537518 0.9949748743718593 163
1716909537552 1.0 164
1716909537586 1.0 165
1716909537619 1.0 166
1716909537652 1.0 167
1716909537687 1.0 168
1716909537722 0.9874371859296482 169
1716909537755 0.9874371859296482 170
1716909537789 0.9623115577889447 171
1716909537823 0.992462311557789 172
1716909537856 0.9949748743718593 173
1716909537890 0.9874371859296482 174
1716909537924 0.9974874371859297 175
1716909537958 0.9974874371859297 176
1716909537993 0.992462311557789 177
1716909538026 1.0 178
1716909538060 1.0 179
1716909538094 1.0 180
1716909538128 1.0 181
1716909538160 1.0 182
1716909538195 1.0 183
1716909538230 1.0 184
1716909538264 1.0 185
1716909538298 1.0 186
1716909538346 1.0 187
1716909538381 1.0 188
1716909538415 1.0 189
1716909538449 1.0 190
1716909538483 1.0 191
1716909538517 1.0 192
1716909538552 0.9974874371859297 193
1716909538586 0.9974874371859297 194
1716909538621 1.0 195
1716909538655 1.0 196
1716909538688 1.0 197
1716909538723 1.0 198
1716909538758 1.0 199
1716909538792 1.0 200
1716909538826 1.0 201
1716909538861 0.9899497487437185 202
1716909538894 1.0 203
1716909538928 0.9974874371859297 204
1716909538962 0.9874371859296482 205
1716909538997 1.0 206
1716909539031 0.9949748743718593 207
1716909539066 0.9974874371859297 208
1716909539099 0.9899497487437185 209
1716909539133 0.9974874371859297 210
1716909539166 1.0 211
1716909539199 1.0 212
1716909539234 0.992462311557789 213
1716909539270 0.9974874371859297 214
1716909539304 1.0 215
1716909539338 1.0 216
1716909539373 0.9974874371859297 217
1716909539407 0.9874371859296482 218
1716909539441 0.992462311557789 219
1716909539475 0.9949748743718593 220
1716909539508 0.992462311557789 221
1716909539543 0.992462311557789 222
1716909539578 0.9974874371859297 223
1716909539612 0.992462311557789 224
1716909539645 0.9949748743718593 225
1716909539679 1.0 226
1716909539712 1.0 227
1716909539746 1.0 228
1716909539782 0.9949748743718593 229
1716909539815 0.992462311557789 230
1716909539849 0.9974874371859297 231
1716909539883 1.0 232
1716909539916 1.0 233
1716909539951 0.992462311557789 234
1716909539985 0.9849246231155779 235
1716909540018 0.9949748743718593 236
1716909540052 0.9949748743718593 237
1716909540086 1.0 238
1716909540119 0.9974874371859297 239
1716909540153 1.0 240
1716909540187 1.0 241
1716909540221 1.0 242
1716909540256 1.0 243
1716909540293 0.9974874371859297 244
1716909540326 0.9974874371859297 245
1716909540361 1.0 246
1716909540394 1.0 247
1716909540428 1.0 248
1716909540462 1.0 249
1716909540496 1.0 250
1716909540529 1.0 251
1716909540563 0.992462311557789 252
1716909540596 1.0 253
1716909540630 0.992462311557789 254
1716909540665 0.9949748743718593 255
1716909540700 1.0 256
1716909540733 1.0 257
1716909540768 0.9974874371859297 258
1716909540804 0.9849246231155779 259
1716909540838 0.9949748743718593 260
1716909540873 1.0 261
1716909540907 1.0 262
1716909540940 1.0 263
1716909540974 0.9974874371859297 264
1716909541008 1.0 265
1716909541042 1.0 266
1716909541076 1.0 267
1716909541110 1.0 268
1716909541143 1.0 269
1716909541176 1.0 270
1716909541210 0.9974874371859297 271
1716909541244 1.0 272
1716909541278 1.0 273
1716909541313 1.0 274
1716909541346 1.0 275
1716909541391 1.0 276
1716909541425 0.9899497487437185 277
1716909541458 0.9974874371859297 278
1716909541492 1.0 279
1716909541525 1.0 280
1716909541558 0.9974874371859297 281
1716909541592 0.9824120603015075 282
1716909541626 0.9899497487437185 283
1716909541659 0.9899497487437185 284
1716909541693 1.0 285
1716909541728 1.0 286
1716909541762 0.9949748743718593 287
1716909541797 0.9974874371859297 288
1716909541833 0.9974874371859297 289
1716909541866 0.992462311557789 290
1716909541900 0.9824120603015075 291
1716909541935 0.9974874371859297 292
1716909541969 1.0 293
1716909542003 1.0 294
1716909542037 0.9974874371859297 295
1716909542070 0.9874371859296482 296
1716909542105 0.9949748743718593 297
1716909542138 0.9899497487437185 298
1716909542172 1.0 299
1716909542207 1.0 300
