1716909531965 0.8050314465408805 1
1716909532000 0.9463087248322147 2
1716909532034 0.9722222222222222 3
1716909532070 0.9664429530201343 4
1716909532104 0.9797297297297297 5
1716909532139 0.9072847682119205 6
1716909532173 0.9797297297297297 7
1716909532208 0.950354609929078 8
1716909532242 0.9712230215827338 9
1716909532276 0.9865771812080537 10
1716909532311 0.9801324503311258 11
1716909532345 1.0 12
1716909532380 0.9863013698630136 13
1716909532415 0.9931972789115646 14
1716909532452 0.9865771812080537 15
1716909532488 0.9530201342281879 16
1716909532524 0.9798657718120806 17
1716909532557 0.9932432432432432 18
1716909532591 1.0 19
1716909532625 0.9863945578231292 20
1716909532663 0.9477124183006536 21
1716909532705 0.972972972972973 22
1716909532743 1.0 23
1716909532778 0.9733333333333334 24
1716909532813 0.9798657718120806 25
1716909532848 0.993006993006993 26
1716909532881 0.9862068965517241 27
1716909532916 0.9865771812080537 28
1716909532950 0.9929577464788732 29
1716909532983 0.935064935064935 30
1716909533017 1.0 31
1716909533052 0.9731543624161074 32
1716909533087 1.0 33
1716909533124 1.0 34
1716909533158 0.9932885906040269 35
1716909533193 1.0 36
1716909533226 0.9932432432432432 37
1716909533261 1.0 38
1716909533295 0.9933333333333333 39
1716909533330 0.9933333333333333 40
1716909533365 0.9722222222222222 41
1716909533399 0.9866666666666667 42
1716909533433 0.9932432432432432 43
1716909533466 0.9862068965517241 44
1716909533500 0.9866666666666667 45
1716909533535 1.0 46
1716909533569 0.9932885906040269 47
1716909533604 1.0 48
1716909533639 0.9932432432432432 49
1716909533673 0.9864864864864865 50
1716909533707 0.9794520547945206 51
1716909533742 0.9798657718120806 52
1716909533775 0.9933333333333333 53
1716909533809 1.0 54
1716909533843 1.0 55
1716909533876 0.9932885906040269 56
1716909533910 0.993103448275862 57
1716909533944 0.9865771812080537 58
1716909533980 0.9932432432432432 59
1716909534014 1.0 60
1716909534048 0.9864864864864865 61
1716909534082 0.9933333333333333 62
1716909534116 0.9932432432432432 63
1716909534150 1.0 64
1716909534184 1.0 65
1716909534218 0.9933333333333333 66
1716909534252 0.9930555555555556 67
1716909534285 0.9932885906040269 68
1716909534319 1.0 69
1716909534354 0.9933333333333333 70
1716909534388 0.993103448275862 71
1716909534422 0.9931972789115646 72
1716909534457 0.9866666666666667 73
1716909534491 1.0 74
1716909534525 1.0 75
1716909534559 1.0 76
1716909534593 0.9932885906040269 77
1716909534627 1.0 78
1716909534662 1.0 79
1716909534697 1.0 80
1716909534732 1.0 81
1716909534766 0.9867549668874173 82
1716909534800 1.0 83
1716909534833 1.0 84
1716909534867 0.9735099337748344 85
1716909534901 0.9932432432432432 86
1716909534935 0.9933333333333333 87
1716909534969 1.0 88
1716909535003 0.9867549668874173 89
1716909535036 0.9765625 90
1716909535070 0.9929577464788732 91
1716909535103 0.9085365853658537 92
1716909535137 0.9932432432432432 93
1716909535172 1.0 94
1716909535206 0.9932432432432432 95
1716909535238 0.9932885906040269 96
1716909535273 0.9545454545454546 97
1716909535307 0.9931972789115646 98
1716909535341 1.0 99
1716909535375 1.0 100
1716909535409 1.0 101
1716909535444 0.9735099337748344 102
1716909535478 0.9673202614379085 103
1716909535512 1.0 104
1716909535545 0.9932432432432432 105
1716909535580 0.9933333333333333 106
1716909535613 0.9933333333333333 107
1716909535646 1.0 108
1716909535682 0.9866666666666667 109
1716909535716 0.9551282051282052 110
1716909535750 0.9863945578231292 111
1716909535784 1.0 112
1716909535818 0.9867549668874173 113
1716909535851 1.0 114
1716909535885 1.0 115
1716909535919 1.0 116
1716909535953 0.9867549668874173 117
1716909535987 0.9865771812080537 118
1716909536021 0.9602649006622517 119
1716909536054 1.0 120
1716909536089 0.9932885906040269 121
1716909536123 0.9735099337748344 122
1716909536157 0.9675324675324676 123
1716909536193 1.0 124
1716909536227 1.0 125
1716909536260 1.0 126
1716909536293 1.0 127
1716909536327 1.0 128
1716909536361 0.9933333333333333 129
1716909536395 1.0 130
1716909536430 1.0 131
1716909536465 1.0 132
1716909536499 0.9933333333333333 133
1716909536531 1.0 134
1716909536564 0.9933333333333333 135
1716909536598 1.0 136
1716909536633 1.0 137
1716909536667 1.0 138
1716909536702 1.0 139
1716909536737 1.0 140
1716909536771 1.0 141
1716909536805 0.98 142
1716909536840 0.9607843137254902 143
1716909536874 0.9802631578947368 144
1716909536907 1.0 145
1716909536942 1.0 146
1716909536976 1.0 147
1716909537010 1.0 148
1716909537045 1.0 149
1716909537080 0.9933333333333333 150
1716909537114 1.0 151
1716909537147 1.0 152
1716909537181 1.0 153
1716909537217 1.0 154
1716909537250 1.0 155
1716909537284 0.9933333333333333 156
1716909537317 0.9931972789115646 157
1716909537350 0.9933333333333333 158
1716909537383 1.0 159
1716909537416 1.0 160
1716909537450 1.0 161
1716909537485 1.0 162
1716909537519 0.9932885906040269 163
1716909537553 1.0 164
1716909537586 1.0 165
1716909537619 1.0 166
1716909537653 1.0 167
1716909537687 1.0 168
1716909537722 0.98 169
1716909537755 1.0 170
1716909537789 0.91875 171
1716909537824 1.0 172
1716909537857 0.9867549668874173 173
1716909537891 0.98 174
1716909537925 0.9933333333333333 175
1716909537958 1.0 176
1716909537993 0.9866666666666667 177
1716909538027 1.0 178
1716909538060 1.0 179
1716909538094 1.0 180
1716909538128 1.0 181
1716909538161 1.0 182
1716909538195 1.0 183
1716909538231 1.0 184
1716909538265 1.0 185
1716909538298 1.0 186
1716909538346 1.0 187
1716909538381 1.0 188
1716909538415 1.0 189
1716909538450 1.0 190
1716909538484 1.0 191
1716909538518 1.0 192
1716909538553 1.0 193
1716909538586 0.9933333333333333 194
1716909538621 1.0 195
1716909538655 1.0 196
1716909538689 1.0 197
1716909538724 1.0 198
1716909538758 1.0 199
1716909538792 1.0 200
1716909538827 1.0 201
1716909538861 0.9865771812080537 202
1716909538894 1.0 203
1716909538928 1.0 204
1716909538962 0.9675324675324676 205
1716909538997 1.0 206
1716909539032 1.0 207
1716909539066 0.9933333333333333 208
1716909539100 0.9931972789115646 209
1716909539134 1.0 210
1716909539166 1.0 211
1716909539200 1.0 212
1716909539235 1.0 213
1716909539270 1.0 214
1716909539304 1.0 215
1716909539339 1.0 216
1716909539373 1.0 217
1716909539408 0.9736842105263158 218
1716909539441 0.9866666666666667 219
1716909539475 0.9932885906040269 220
1716909539508 0.9802631578947368 221
1716909539544 1.0 222
1716909539578 0.9933333333333333 223
1716909539612 0.9932432432432432 224
1716909539646 1.0 225
1716909539679 1.0 226
1716909539712 1.0 227
1716909539747 1.0 228
1716909539782 0.9867549668874173 229
1716909539815 1.0 230
1716909539850 0.9933333333333333 231
1716909539884 1.0 232
1716909539917 1.0 233
1716909539951 0.9802631578947368 234
1716909539985 0.9863945578231292 235
1716909540018 1.0 236
1716909540053 0.9867549668874173 237
1716909540086 1.0 238
1716909540119 1.0 239
1716909540153 1.0 240
1716909540188 1.0 241
1716909540222 1.0 242
1716909540257 1.0 243
1716909540293 0.9933333333333333 244
1716909540327 0.9933333333333333 245
1716909540361 1.0 246
1716909540394 1.0 247
1716909540428 1.0 248
1716909540463 1.0 249
1716909540496 1.0 250
1716909540529 1.0 251
1716909540563 1.0 252
1716909540597 1.0 253
1716909540630 0.9866666666666667 254
1716909540665 0.9932885906040269 255
1716909540700 1.0 256
1716909540734 1.0 257
1716909540768 1.0 258
1716909540804 0.9673202614379085 259
1716909540839 0.9867549668874173 260
1716909540874 1.0 261
1716909540908 1.0 262
1716909540941 1.0 263
1716909540975 1.0 264
1716909541009 1.0 265
1716909541042 1.0 266
1716909541077 1.0 267
1716909541111 1.0 268
1716909541144 1.0 269
1716909541176 1.0 270
1716909541210 1.0 271
1716909541244 1.0 272
1716909541278 1.0 273
1716909541314 1.0 274
1716909541347 1.0 275
1716909541391 1.0 276
1716909541426 0.9738562091503268 277
1716909541458 1.0 278
1716909541492 1.0 279
1716909541525 1.0 280
1716909541559 1.0 281
1716909541593 0.9671052631578947 282
1716909541626 0.9801324503311258 283
1716909541659 0.9865771812080537 284
1716909541694 1.0 285
1716909541728 1.0 286
1716909541762 0.9867549668874173 287
1716909541797 1.0 288
1716909541834 0.9933333333333333 289
1716909541867 1.0 290
1716909541901 0.9551282051282052 291
1716909541935 1.0 292
1716909541969 1.0 293
1716909542003 1.0 294
1716909542037 1.0 295
1716909542071 0.9736842105263158 296
1716909542105 0.9867549668874173 297
1716909542139 1.0 298
1716909542173 1.0 299
1716909542207 1.0 300
