1716909531966 0.8590604026845637 1
1716909532000 0.9463087248322147 2
1716909532034 0.9395973154362416 3
1716909532071 0.9664429530201343 4
1716909532105 0.9731543624161074 5
1716909532139 0.9194630872483222 6
1716909532174 0.9731543624161074 7
1716909532208 0.8993288590604027 8
1716909532242 0.9060402684563759 9
1716909532276 0.9865771812080537 10
1716909532311 0.9932885906040269 11
1716909532345 0.9731543624161074 12
1716909532381 0.9664429530201343 13
1716909532416 0.9798657718120806 14
1716909532452 0.9865771812080537 15
1716909532489 0.9530201342281879 16
1716909532524 0.9798657718120806 17
1716909532557 0.9865771812080537 18
1716909532592 0.9731543624161074 19
1716909532625 0.9731543624161074 20
1716909532663 0.9731543624161074 21
1716909532705 0.9664429530201343 22
1716909532744 0.912751677852349 23
1716909532778 0.9798657718120806 24
1716909532813 0.9798657718120806 25
1716909532848 0.9530201342281879 26
1716909532881 0.959731543624161 27
1716909532916 0.9865771812080537 28
1716909532950 0.9463087248322147 29
1716909532983 0.9664429530201343 30
1716909533018 0.959731543624161 31
1716909533053 0.9731543624161074 32
1716909533088 0.9865771812080537 33
1716909533124 0.9798657718120806 34
1716909533159 0.9932885906040269 35
1716909533193 0.9798657718120806 36
1716909533227 0.9865771812080537 37
1716909533261 0.9932885906040269 38
1716909533296 1.0 39
1716909533331 1.0 40
1716909533365 0.9395973154362416 41
1716909533399 0.9932885906040269 42
1716909533433 0.9865771812080537 43
1716909533467 0.959731543624161 44
1716909533500 0.9932885906040269 45
1716909533535 0.9865771812080537 46
1716909533570 0.9932885906040269 47
1716909533604 1.0 48
1716909533640 0.9865771812080537 49
1716909533674 0.9798657718120806 50
1716909533708 0.959731543624161 51
1716909533742 0.9798657718120806 52
1716909533775 1.0 53
1716909533809 1.0 54
1716909533843 0.9798657718120806 55
1716909533877 0.9932885906040269 56
1716909533910 0.9664429530201343 57
1716909533945 0.9865771812080537 58
1716909533980 0.9865771812080537 59
1716909534014 0.9865771812080537 60
1716909534048 0.9798657718120806 61
1716909534082 1.0 62
1716909534116 0.9865771812080537 63
1716909534150 0.9932885906040269 64
1716909534185 1.0 65
1716909534218 1.0 66
1716909534253 0.959731543624161 67
1716909534286 0.9932885906040269 68
1716909534320 0.9932885906040269 69
1716909534354 1.0 70
1716909534388 0.9664429530201343 71
1716909534423 0.9798657718120806 72
1716909534457 0.9932885906040269 73
1716909534492 0.9798657718120806 74
1716909534525 0.9932885906040269 75
1716909534559 1.0 76
1716909534593 0.9932885906040269 77
1716909534627 0.9932885906040269 78
1716909534663 1.0 79
1716909534697 1.0 80
1716909534732 1.0 81
1716909534766 1.0 82
1716909534800 0.9932885906040269 83
1716909534834 1.0 84
1716909534867 0.9865771812080537 85
1716909534901 0.9865771812080537 86
1716909534935 1.0 87
1716909534970 1.0 88
1716909535003 1.0 89
1716909535037 0.8389261744966443 90
1716909535070 0.9463087248322147 91
1716909535104 1.0 92
1716909535137 0.9865771812080537 93
1716909535172 0.9664429530201343 94
1716909535206 0.9865771812080537 95
1716909535239 0.9932885906040269 96
1716909535273 0.9865771812080537 97
1716909535307 0.9798657718120806 98
1716909535341 0.9731543624161074 99
1716909535375 0.9798657718120806 100
1716909535409 0.9932885906040269 101
1716909535444 0.9865771812080537 102
1716909535478 0.9932885906040269 103
1716909535512 0.9865771812080537 104
1716909535546 0.9865771812080537 105
1716909535580 1.0 106
1716909535613 1.0 107
1716909535647 0.9932885906040269 108
1716909535682 0.9932885906040269 109
1716909535716 1.0 110
1716909535750 0.9731543624161074 111
1716909535785 0.9731543624161074 112
1716909535819 1.0 113
1716909535852 1.0 114
1716909535886 1.0 115
1716909535919 0.9932885906040269 116
1716909535953 1.0 117
1716909535987 0.9865771812080537 118
1716909536021 0.9731543624161074 119
1716909536055 0.9731543624161074 120
1716909536089 0.9932885906040269 121
1716909536123 0.9865771812080537 122
1716909536157 1.0 123
1716909536193 0.9932885906040269 124
1716909536227 0.9932885906040269 125
1716909536260 0.9865771812080537 126
1716909536294 1.0 127
1716909536327 1.0 128
1716909536362 1.0 129
1716909536395 0.9932885906040269 130
1716909536430 0.9932885906040269 131
1716909536465 1.0 132
1716909536499 1.0 133
1716909536532 0.9664429530201343 134
1716909536564 1.0 135
1716909536599 1.0 136
1716909536633 0.9932885906040269 137
1716909536667 1.0 138
1716909536703 1.0 139
1716909536737 1.0 140
1716909536772 0.9865771812080537 141
1716909536805 0.9865771812080537 142
1716909536840 0.9865771812080537 143
1716909536874 1.0 144
1716909536908 0.9530201342281879 145
1716909536942 1.0 146
1716909536977 1.0 147
1716909537011 1.0 148
1716909537045 1.0 149
1716909537080 1.0 150
1716909537114 0.9932885906040269 151
1716909537148 1.0 152
1716909537181 1.0 153
1716909537217 1.0 154
1716909537251 1.0 155
1716909537284 1.0 156
1716909537317 0.9798657718120806 157
1716909537350 1.0 158
1716909537383 0.9932885906040269 159
1716909537416 1.0 160
1716909537451 1.0 161
1716909537485 1.0 162
1716909537519 0.9932885906040269 163
1716909537553 1.0 164
1716909537587 1.0 165
1716909537620 1.0 166
1716909537653 1.0 167
1716909537688 1.0 168
1716909537723 0.9865771812080537 169
1716909537756 0.9664429530201343 170
1716909537790 0.9865771812080537 171
1716909537824 0.9798657718120806 172
1716909537857 1.0 173
1716909537891 0.9865771812080537 174
1716909537925 1.0 175
1716909537959 0.9932885906040269 176
1716909537993 0.9932885906040269 177
1716909538027 1.0 178
1716909538061 1.0 179
1716909538095 1.0 180
1716909538129 1.0 181
1716909538161 1.0 182
1716909538196 1.0 183
1716909538231 1.0 184
1716909538265 1.0 185
1716909538299 1.0 186
1716909538347 1.0 187
1716909538381 1.0 188
1716909538416 1.0 189
1716909538450 1.0 190
1716909538484 1.0 191
1716909538518 1.0 192
1716909538553 0.9932885906040269 193
1716909538587 1.0 194
1716909538622 1.0 195
1716909538656 1.0 196
1716909538689 1.0 197
1716909538724 1.0 198
1716909538759 1.0 199
1716909538793 1.0 200
1716909538827 1.0 201
1716909538862 0.9865771812080537 202
1716909538895 1.0 203
1716909538929 0.9932885906040269 204
1716909538962 1.0 205
1716909538998 1.0 206
1716909539032 0.9865771812080537 207
1716909539066 1.0 208
1716909539100 0.9798657718120806 209
1716909539134 0.9932885906040269 210
1716909539167 1.0 211
1716909539200 1.0 212
1716909539235 0.9798657718120806 213
1716909539270 0.9932885906040269 214
1716909539305 1.0 215
1716909539339 1.0 216
1716909539374 0.9932885906040269 217
1716909539408 0.9932885906040269 218
1716909539442 0.9932885906040269 219
1716909539475 0.9932885906040269 220
1716909539509 1.0 221
1716909539544 0.9798657718120806 222
1716909539578 1.0 223
1716909539613 0.9865771812080537 224
1716909539646 0.9865771812080537 225
1716909539680 1.0 226
1716909539713 1.0 227
1716909539747 1.0 228
1716909539783 1.0 229
1716909539816 0.9798657718120806 230
1716909539850 1.0 231
1716909539884 1.0 232
1716909539917 1.0 233
1716909539952 1.0 234
1716909539986 0.9731543624161074 235
1716909540019 0.9865771812080537 236
1716909540053 1.0 237
1716909540086 1.0 238
1716909540120 0.9932885906040269 239
1716909540154 1.0 240
1716909540188 1.0 241
1716909540222 1.0 242
1716909540257 1.0 243
1716909540294 1.0 244
1716909540327 1.0 245
1716909540362 1.0 246
1716909540395 1.0 247
1716909540429 1.0 248
1716909540463 1.0 249
1716909540497 1.0 250
1716909540530 1.0 251
1716909540564 0.9798657718120806 252
1716909540597 1.0 253
1716909540631 0.9932885906040269 254
1716909540666 0.9932885906040269 255
1716909540700 1.0 256
1716909540734 1.0 257
1716909540769 0.9932885906040269 258
1716909540805 0.9932885906040269 259
1716909540839 1.0 260
1716909540874 1.0 261
1716909540908 1.0 262
1716909540941 1.0 263
1716909540975 0.9932885906040269 264
1716909541009 1.0 265
1716909541043 1.0 266
1716909541077 1.0 267
1716909541111 1.0 268
1716909541144 1.0 269
1716909541177 1.0 270
1716909541211 0.9932885906040269 271
1716909541245 1.0 272
1716909541279 1.0 273
1716909541314 1.0 274
1716909541347 1.0 275
1716909541392 1.0 276
1716909541426 1.0 277
1716909541459 0.9932885906040269 278
1716909541492 1.0 279
1716909541526 1.0 280
1716909541559 0.9932885906040269 281
1716909541593 0.9865771812080537 282
1716909541627 0.9932885906040269 283
1716909541660 0.9865771812080537 284
1716909541694 1.0 285
1716909541729 1.0 286
1716909541763 1.0 287
1716909541798 0.9932885906040269 288
1716909541834 1.0 289
1716909541867 0.9798657718120806 290
1716909541901 1.0 291
1716909541936 0.9932885906040269 292
1716909541970 1.0 293
1716909542004 1.0 294
1716909542038 0.9932885906040269 295
1716909542071 0.9932885906040269 296
1716909542106 1.0 297
1716909542139 0.9731543624161074 298
1716909542173 1.0 299
1716909542208 1.0 300
