1716904461088 0.7810650887573964 1
1716904461126 0.9763313609467456 2
1716904461164 0.9408284023668639 3
1716904461201 0.9763313609467456 4
1716904461238 0.9408284023668639 5
1716904461273 0.9763313609467456 6
1716904461310 0.8816568047337278 7
1716904461346 0.9704142011834319 8
1716904461381 0.9881656804733728 9
1716904461418 0.9053254437869822 10
1716904461454 0.9763313609467456 11
1716904461490 0.9881656804733728 12
1716904461527 0.9704142011834319 13
1716904461562 0.9822485207100592 14
1716904461597 0.9053254437869822 15
1716904461634 0.9881656804733728 16
1716904461670 0.9704142011834319 17
1716904461706 0.9822485207100592 18
1716904461743 0.9763313609467456 19
1716904461779 0.9881656804733728 20
