1716904461091 0.3763418924063444 1
1716904461128 0.11489364225417376 2
1716904461166 0.1507413275539875 3
1716904461204 0.13217672985047102 4
1716904461240 0.2664702101610601 5
1716904461275 0.1400007656775415 6
1716904461312 0.1105856061913073 7
1716904461348 0.11445795698091388 8
1716904461383 0.13977982802316546 9
1716904461420 0.10010870592668653 10
1716904461456 0.06045999692287296 11
1716904461492 0.02967158635146916 12
1716904461529 0.04175330139696598 13
1716904461565 0.06758065038593486 14
1716904461599 0.20569957431871444 15
1716904461636 0.09652103180997074 16
1716904461672 0.06627159542404115 17
1716904461708 0.028032121481373906 18
1716904461745 0.0583857346791774 19
1716904461781 0.031264994060620666 20
