1716904461087 0.8263736263736263 1
1716904461125 0.9758241758241758 2
1716904461163 0.9604395604395605 3
1716904461201 0.9648351648351648 4
1716904461237 0.967032967032967 5
1716904461272 0.9692307692307692 6
1716904461309 0.9538461538461539 7
1716904461345 0.9824175824175824 8
1716904461380 0.9626373626373627 9
1716904461417 0.9604395604395605 10
1716904461453 0.978021978021978 11
1716904461490 0.9912087912087912 12
1716904461526 0.9846153846153847 13
1716904461562 0.9824175824175824 14
1716904461596 0.9560439560439561 15
1716904461633 0.978021978021978 16
1716904461669 0.9736263736263736 17
1716904461705 0.9934065934065934 18
1716904461742 0.9824175824175824 19
1716904461778 0.989010989010989 20
