1716904461088 0.7586206896551724 1
1716904461126 0.9593023255813954 2
1716904461163 0.9520958083832335 3
1716904461201 0.9322033898305084 4
1716904461237 0.9695121951219512 5
1716904461273 0.9428571428571428 6
1716904461310 0.9933333333333333 7
1716904461346 0.9820359281437125 8
1716904461381 0.9175824175824175 9
1716904461418 0.9870967741935484 10
1716904461454 0.9649122807017544 11
1716904461490 0.9881656804733728 12
1716904461527 0.9879518072289156 13
1716904461562 0.9707602339181286 14
1716904461596 0.9745222929936306 15
1716904461634 0.9542857142857143 16
1716904461669 0.9590643274853801 17
1716904461706 1.0 18
1716904461742 0.9763313609467456 19
1716904461779 0.9823529411764705 20
