1716904461089 0.7696793002915451 1
1716904461126 0.967741935483871 2
1716904461164 0.9464285714285714 3
1716904461202 0.953757225433526 4
1716904461238 0.954954954954955 5
1716904461273 0.9593023255813953 6
1716904461310 0.9341692789968652 7
1716904461346 0.9761904761904762 8
1716904461382 0.9515669515669516 9
1716904461419 0.9444444444444444 10
1716904461455 0.9705882352941176 11
1716904461491 0.9881656804733728 12
1716904461527 0.9791044776119403 13
1716904461563 0.9764705882352941 14
1716904461597 0.9386503067484663 15
1716904461634 0.9709302325581396 16
1716904461670 0.9647058823529411 17
1716904461707 0.9910447761194029 18
1716904461743 0.9763313609467456 19
1716904461779 0.9852507374631269 20
