1716909678230 0.8391959798994975 1
1716909678266 0.9623115577889447 2
1716909678301 0.9597989949748744 3
1716909678337 0.9723618090452262 4
1716909678370 0.9673366834170855 5
1716909678404 0.957286432160804 6
1716909678439 0.9623115577889447 7
1716909678473 0.9623115577889447 8
1716909678507 0.9773869346733668 9
1716909678542 0.9899497487437185 10
1716909678578 0.9874371859296482 11
1716909678612 0.9623115577889447 12
1716909678647 0.9798994974874372 13
1716909678681 0.9773869346733668 14
1716909678715 0.964824120603015 15
1716909678749 0.992462311557789 16
1716909678783 0.992462311557789 17
1716909678817 0.9949748743718593 18
1716909678851 0.9849246231155779 19
1716909678886 0.949748743718593 20
1716909678920 0.9673366834170855 21
1716909678955 0.9949748743718593 22
1716909678989 0.9798994974874372 23
1716909679023 0.9623115577889447 24
1716909679057 0.9698492462311558 25
1716909679091 0.9849246231155779 26
1716909679126 0.9748743718592965 27
1716909679159 0.9849246231155779 28
1716909679193 0.9874371859296482 29
1716909679227 0.9849246231155779 30
1716909679261 0.9623115577889447 31
1716909679295 0.9849246231155779 32
1716909679328 0.9773869346733668 33
1716909679364 0.9698492462311558 34
1716909679398 0.9874371859296482 35
1716909679435 0.9899497487437185 36
1716909679469 0.992462311557789 37
1716909679503 0.992462311557789 38
1716909679538 1.0 39
1716909679588 0.9974874371859297 40
1716909679623 0.9849246231155779 41
1716909679657 0.9974874371859297 42
1716909679691 0.9974874371859297 43
1716909679725 0.9949748743718593 44
1716909679758 0.992462311557789 45
1716909679792 0.9824120603015075 46
1716909679825 0.9899497487437185 47
1716909679859 0.992462311557789 48
1716909679892 0.9974874371859297 49
1716909679926 0.9874371859296482 50
1716909679959 0.992462311557789 51
1716909679993 0.9849246231155779 52
1716909680028 0.9597989949748744 53
1716909680061 0.9849246231155779 54
1716909680094 0.9949748743718593 55
1716909680128 0.9949748743718593 56
1716909680162 0.9773869346733668 57
1716909680198 0.9849246231155779 58
1716909680231 0.9673366834170855 59
1716909680265 0.9899497487437185 60
1716909680299 0.992462311557789 61
1716909680333 0.9874371859296482 62
1716909680366 0.9673366834170855 63
1716909680401 0.9748743718592965 64
1716909680435 0.992462311557789 65
1716909680469 0.9949748743718593 66
1716909680503 0.9899497487437185 67
1716909680536 1.0 68
1716909680570 1.0 69
1716909680605 0.9974874371859297 70
1716909680639 0.9899497487437185 71
1716909680672 0.992462311557789 72
1716909680708 1.0 73
1716909680742 1.0 74
1716909680775 1.0 75
1716909680810 0.9949748743718593 76
1716909680846 0.9773869346733668 77
1716909680880 0.9899497487437185 78
1716909680915 0.992462311557789 79
1716909680949 0.9949748743718593 80
1716909680983 0.992462311557789 81
1716909681017 1.0 82
1716909681050 1.0 83
1716909681083 0.9899497487437185 84
1716909681117 1.0 85
1716909681151 0.9974874371859297 86
1716909681185 0.9974874371859297 87
1716909681220 1.0 88
1716909681253 0.9974874371859297 89
1716909681286 0.992462311557789 90
1716909681321 0.9874371859296482 91
1716909681354 0.9824120603015075 92
1716909681387 0.992462311557789 93
1716909681422 0.992462311557789 94
1716909681456 0.9949748743718593 95
1716909681490 0.992462311557789 96
1716909681524 0.9974874371859297 97
1716909681559 1.0 98
1716909681593 1.0 99
1716909681627 0.9974874371859297 100
1716909681664 1.0 101
1716909681699 1.0 102
1716909681733 0.9974874371859297 103
1716909681767 0.9899497487437185 104
1716909681801 0.9899497487437185 105
1716909681835 1.0 106
1716909681870 1.0 107
1716909681903 1.0 108
1716909681938 1.0 109
1716909681972 0.9974874371859297 110
1716909682005 0.9874371859296482 111
1716909682040 0.9949748743718593 112
1716909682074 1.0 113
1716909682107 1.0 114
1716909682141 0.9949748743718593 115
1716909682175 1.0 116
1716909682210 1.0 117
1716909682245 1.0 118
1716909682278 1.0 119
1716909682312 0.9974874371859297 120
1716909682344 1.0 121
1716909682379 1.0 122
1716909682412 1.0 123
1716909682447 1.0 124
1716909682482 1.0 125
1716909682516 1.0 126
1716909682549 0.992462311557789 127
1716909682583 0.9396984924623115 128
1716909682618 0.9949748743718593 129
1716909682651 0.9974874371859297 130
1716909682686 0.9949748743718593 131
1716909682720 0.9974874371859297 132
1716909682755 0.9974874371859297 133
1716909682788 0.9974874371859297 134
1716909682823 0.9949748743718593 135
1716909682856 0.9874371859296482 136
1716909682891 1.0 137
1716909682925 1.0 138
1716909682960 1.0 139
1716909682994 1.0 140
1716909683028 0.9974874371859297 141
1716909683062 0.9974874371859297 142
1716909683095 0.9949748743718593 143
1716909683129 0.9949748743718593 144
1716909683163 1.0 145
1716909683198 1.0 146
1716909683231 1.0 147
1716909683266 1.0 148
1716909683300 1.0 149
1716909683333 1.0 150
1716909683368 1.0 151
1716909683402 0.992462311557789 152
1716909683435 0.9899497487437185 153
1716909683469 0.9899497487437185 154
1716909683503 0.992462311557789 155
1716909683536 0.9949748743718593 156
1716909683571 0.992462311557789 157
1716909683604 0.9798994974874372 158
1716909683639 0.9824120603015075 159
1716909683673 0.9723618090452262 160
1716909683706 0.9899497487437185 161
1716909683741 0.9949748743718593 162
1716909683775 0.9949748743718593 163
1716909683808 0.9974874371859297 164
1716909683841 1.0 165
1716909683875 1.0 166
1716909683909 0.9974874371859297 167
1716909683943 1.0 168
1716909683978 0.9974874371859297 169
1716909684012 0.9949748743718593 170
1716909684045 0.9899497487437185 171
1716909684080 0.9874371859296482 172
1716909684114 0.9974874371859297 173
1716909684147 0.9974874371859297 174
1716909684181 0.992462311557789 175
1716909684214 0.9949748743718593 176
1716909684248 0.9824120603015075 177
1716909684282 0.9949748743718593 178
1716909684316 0.9874371859296482 179
1716909684349 0.9974874371859297 180
1716909684384 0.9899497487437185 181
1716909684417 0.9949748743718593 182
1716909684452 0.9949748743718593 183
1716909684488 1.0 184
1716909684522 0.9974874371859297 185
1716909684556 1.0 186
1716909684591 1.0 187
1716909684624 1.0 188
1716909684658 1.0 189
1716909684692 1.0 190
1716909684727 1.0 191
1716909684761 1.0 192
1716909684794 1.0 193
1716909684828 0.992462311557789 194
1716909684861 0.9773869346733668 195
1716909684895 0.9874371859296482 196
1716909684929 0.9949748743718593 197
1716909684963 0.9899497487437185 198
1716909684998 0.992462311557789 199
1716909685031 0.9899497487437185 200
1716909685065 0.9974874371859297 201
1716909685100 0.9949748743718593 202
1716909685134 0.9974874371859297 203
1716909685167 0.9974874371859297 204
1716909685200 0.992462311557789 205
1716909685235 0.992462311557789 206
1716909685268 0.9824120603015075 207
1716909685302 0.9974874371859297 208
1716909685335 0.9974874371859297 209
1716909685368 1.0 210
1716909685403 0.9974874371859297 211
1716909685436 1.0 212
1716909685469 0.9798994974874372 213
1716909685504 0.9849246231155779 214
1716909685538 0.992462311557789 215
1716909685572 0.9974874371859297 216
1716909685606 0.9974874371859297 217
1716909685640 1.0 218
1716909685673 1.0 219
1716909685708 0.9974874371859297 220
1716909685742 0.9798994974874372 221
1716909685777 0.9949748743718593 222
1716909685811 0.9974874371859297 223
1716909685845 0.9949748743718593 224
1716909685878 0.9974874371859297 225
1716909685911 0.9974874371859297 226
1716909685945 0.9899497487437185 227
1716909685980 0.9949748743718593 228
1716909686014 0.992462311557789 229
1716909686048 0.992462311557789 230
1716909686082 0.9949748743718593 231
1716909686114 0.9974874371859297 232
1716909686148 0.9974874371859297 233
1716909686183 0.9974874371859297 234
1716909686217 1.0 235
1716909686251 1.0 236
1716909686286 1.0 237
1716909686320 1.0 238
1716909686353 0.9773869346733668 239
1716909686387 1.0 240
1716909686420 0.9974874371859297 241
1716909686454 1.0 242
1716909686488 0.9974874371859297 243
1716909686522 0.9974874371859297 244
1716909686555 0.9974874371859297 245
1716909686589 0.9974874371859297 246
1716909686623 0.9974874371859297 247
1716909686657 0.9899497487437185 248
1716909686691 1.0 249
1716909686750 1.0 250
1716909686786 1.0 251
1716909686822 0.9974874371859297 252
1716909686856 1.0 253
1716909686891 1.0 254
1716909686925 1.0 255
1716909686958 1.0 256
1716909686992 1.0 257
1716909687026 1.0 258
1716909687060 1.0 259
1716909687094 1.0 260
1716909687128 0.9974874371859297 261
1716909687162 0.9899497487437185 262
1716909687195 0.9949748743718593 263
1716909687229 1.0 264
1716909687263 1.0 265
1716909687294 1.0 266
1716909687328 1.0 267
1716909687362 1.0 268
1716909687397 1.0 269
1716909687430 0.9949748743718593 270
1716909687464 1.0 271
1716909687497 1.0 272
1716909687531 0.9974874371859297 273
1716909687565 0.9974874371859297 274
1716909687599 0.9899497487437185 275
1716909687633 0.9949748743718593 276
1716909687668 0.9974874371859297 277
1716909687702 1.0 278
1716909687736 0.9974874371859297 279
1716909687770 0.9824120603015075 280
1716909687803 0.992462311557789 281
1716909687837 1.0 282
1716909687871 1.0 283
1716909687906 0.9974874371859297 284
1716909687939 0.9974874371859297 285
1716909687975 0.9949748743718593 286
1716909688009 0.9974874371859297 287
1716909688043 0.9849246231155779 288
1716909688078 0.9974874371859297 289
1716909688113 1.0 290
1716909688147 0.9974874371859297 291
1716909688181 1.0 292
1716909688215 1.0 293
1716909688249 1.0 294
1716909688285 0.9974874371859297 295
1716909688326 1.0 296
1716909688362 1.0 297
1716909688401 0.9949748743718593 298
1716909688438 0.9974874371859297 299
1716909688474 1.0 300
