1716909678231 0.8657718120805369 1
1716909678267 0.9530201342281879 2
1716909678302 0.9395973154362416 3
1716909678338 0.9664429530201343 4
1716909678371 0.9530201342281879 5
1716909678405 0.8993288590604027 6
1716909678440 0.9395973154362416 7
1716909678474 0.9530201342281879 8
1716909678508 0.9530201342281879 9
1716909678543 0.9798657718120806 10
1716909678579 0.9798657718120806 11
1716909678613 0.959731543624161 12
1716909678648 0.9530201342281879 13
1716909678682 0.9731543624161074 14
1716909678715 0.9060402684563759 15
1716909678750 0.9932885906040269 16
1716909678784 0.9798657718120806 17
1716909678818 0.9865771812080537 18
1716909678852 0.9798657718120806 19
1716909678887 0.9463087248322147 20
1716909678921 0.9328859060402684 21
1716909678956 0.9865771812080537 22
1716909678990 0.9731543624161074 23
1716909679024 0.8993288590604027 24
1716909679058 0.9798657718120806 25
1716909679092 0.9731543624161074 26
1716909679127 0.9664429530201343 27
1716909679160 0.9932885906040269 28
1716909679194 0.9731543624161074 29
1716909679228 0.9865771812080537 30
1716909679262 0.9194630872483222 31
1716909679296 0.9798657718120806 32
1716909679329 0.9463087248322147 33
1716909679365 0.9463087248322147 34
1716909679399 0.9865771812080537 35
1716909679436 0.9731543624161074 36
1716909679470 0.9932885906040269 37
1716909679504 0.9932885906040269 38
1716909679539 1.0 39
1716909679589 0.9932885906040269 40
1716909679624 0.9664429530201343 41
1716909679658 0.9932885906040269 42
1716909679692 0.9932885906040269 43
1716909679726 0.9932885906040269 44
1716909679759 0.9798657718120806 45
1716909679793 0.9932885906040269 46
1716909679826 0.9731543624161074 47
1716909679860 0.9865771812080537 48
1716909679893 0.9932885906040269 49
1716909679927 0.9731543624161074 50
1716909679960 0.9932885906040269 51
1716909679994 0.9798657718120806 52
1716909680029 0.9664429530201343 53
1716909680062 0.9664429530201343 54
1716909680095 0.9932885906040269 55
1716909680129 0.9932885906040269 56
1716909680165 0.959731543624161 57
1716909680199 0.9731543624161074 58
1716909680232 0.9731543624161074 59
1716909680266 0.9731543624161074 60
1716909680300 1.0 61
1716909680333 0.9798657718120806 62
1716909680367 0.9664429530201343 63
1716909680402 0.9865771812080537 64
1716909680436 0.9798657718120806 65
1716909680470 0.9932885906040269 66
1716909680504 1.0 67
1716909680537 1.0 68
1716909680571 1.0 69
1716909680606 1.0 70
1716909680639 0.9731543624161074 71
1716909680673 0.9932885906040269 72
1716909680709 1.0 73
1716909680743 1.0 74
1716909680776 1.0 75
1716909680811 1.0 76
1716909680847 0.9395973154362416 77
1716909680881 0.9932885906040269 78
1716909680916 0.9932885906040269 79
1716909680950 0.9865771812080537 80
1716909680984 0.9932885906040269 81
1716909681018 1.0 82
1716909681051 1.0 83
1716909681084 0.9798657718120806 84
1716909681118 1.0 85
1716909681152 0.9932885906040269 86
1716909681186 0.9932885906040269 87
1716909681220 1.0 88
1716909681254 1.0 89
1716909681287 0.9865771812080537 90
1716909681322 0.9664429530201343 91
1716909681354 0.9731543624161074 92
1716909681388 0.9932885906040269 93
1716909681422 0.9865771812080537 94
1716909681457 0.9932885906040269 95
1716909681491 0.9932885906040269 96
1716909681525 1.0 97
1716909681560 1.0 98
1716909681594 1.0 99
1716909681627 1.0 100
1716909681665 1.0 101
1716909681700 1.0 102
1716909681734 0.9932885906040269 103
1716909681768 1.0 104
1716909681802 0.9798657718120806 105
1716909681836 1.0 106
1716909681870 1.0 107
1716909681904 1.0 108
1716909681939 1.0 109
1716909681973 0.9932885906040269 110
1716909682006 1.0 111
1716909682041 0.9932885906040269 112
1716909682075 1.0 113
1716909682108 1.0 114
1716909682142 0.9865771812080537 115
1716909682175 1.0 116
1716909682210 1.0 117
1716909682246 1.0 118
1716909682279 1.0 119
1716909682312 1.0 120
1716909682345 1.0 121
1716909682379 1.0 122
1716909682413 1.0 123
1716909682448 1.0 124
1716909682482 1.0 125
1716909682516 1.0 126
1716909682550 0.9798657718120806 127
1716909682584 0.959731543624161 128
1716909682619 0.9932885906040269 129
1716909682652 0.9932885906040269 130
1716909682687 0.9932885906040269 131
1716909682721 0.9932885906040269 132
1716909682756 0.9932885906040269 133
1716909682789 0.9932885906040269 134
1716909682824 0.9932885906040269 135
1716909682857 0.9731543624161074 136
1716909682892 1.0 137
1716909682926 1.0 138
1716909682961 1.0 139
1716909682995 1.0 140
1716909683029 1.0 141
1716909683063 0.9932885906040269 142
1716909683096 0.9932885906040269 143
1716909683130 1.0 144
1716909683164 1.0 145
1716909683198 1.0 146
1716909683232 1.0 147
1716909683266 1.0 148
1716909683301 1.0 149
1716909683334 1.0 150
1716909683369 1.0 151
1716909683402 0.9865771812080537 152
1716909683436 0.9798657718120806 153
1716909683470 0.9865771812080537 154
1716909683503 0.9932885906040269 155
1716909683537 0.9932885906040269 156
1716909683572 1.0 157
1716909683605 0.959731543624161 158
1716909683640 0.9798657718120806 159
1716909683674 0.9261744966442953 160
1716909683707 0.9865771812080537 161
1716909683742 0.9932885906040269 162
1716909683775 0.9865771812080537 163
1716909683809 1.0 164
1716909683842 1.0 165
1716909683876 1.0 166
1716909683910 0.9932885906040269 167
1716909683944 1.0 168
1716909683979 0.9932885906040269 169
1716909684013 0.9865771812080537 170
1716909684046 0.9932885906040269 171
1716909684080 0.9798657718120806 172
1716909684114 0.9932885906040269 173
1716909684148 1.0 174
1716909684182 0.9798657718120806 175
1716909684215 0.9932885906040269 176
1716909684249 0.9530201342281879 177
1716909684283 0.9865771812080537 178
1716909684317 0.9865771812080537 179
1716909684350 0.9932885906040269 180
1716909684385 1.0 181
1716909684418 0.9865771812080537 182
1716909684453 1.0 183
1716909684489 1.0 184
1716909684523 0.9932885906040269 185
1716909684557 1.0 186
1716909684592 1.0 187
1716909684625 1.0 188
1716909684659 1.0 189
1716909684693 1.0 190
1716909684727 1.0 191
1716909684761 1.0 192
1716909684795 1.0 193
1716909684829 0.9932885906040269 194
1716909684862 0.959731543624161 195
1716909684896 0.9798657718120806 196
1716909684930 0.9932885906040269 197
1716909684964 0.9932885906040269 198
1716909684999 0.9932885906040269 199
1716909685032 0.9731543624161074 200
1716909685066 0.9932885906040269 201
1716909685100 0.9865771812080537 202
1716909685135 0.9932885906040269 203
1716909685168 0.9932885906040269 204
1716909685201 0.9865771812080537 205
1716909685235 0.9865771812080537 206
1716909685269 0.9530201342281879 207
1716909685302 0.9932885906040269 208
1716909685336 0.9932885906040269 209
1716909685369 1.0 210
1716909685403 0.9932885906040269 211
1716909685437 1.0 212
1716909685470 0.9664429530201343 213
1716909685505 1.0 214
1716909685539 0.9865771812080537 215
1716909685572 0.9932885906040269 216
1716909685606 0.9932885906040269 217
1716909685641 1.0 218
1716909685674 1.0 219
1716909685709 0.9932885906040269 220
1716909685743 0.9932885906040269 221
1716909685778 0.9932885906040269 222
1716909685812 0.9932885906040269 223
1716909685845 0.9932885906040269 224
1716909685878 0.9932885906040269 225
1716909685912 0.9932885906040269 226
1716909685946 0.9865771812080537 227
1716909685981 0.9932885906040269 228
1716909686015 0.9798657718120806 229
1716909686049 0.9932885906040269 230
1716909686083 1.0 231
1716909686115 0.9932885906040269 232
1716909686149 1.0 233
1716909686184 0.9932885906040269 234
1716909686218 1.0 235
1716909686252 1.0 236
1716909686287 1.0 237
1716909686321 1.0 238
1716909686354 0.9664429530201343 239
1716909686387 1.0 240
1716909686421 1.0 241
1716909686455 1.0 242
1716909686489 0.9932885906040269 243
1716909686523 1.0 244
1716909686556 1.0 245
1716909686590 0.9932885906040269 246
1716909686624 1.0 247
1716909686658 0.9731543624161074 248
1716909686691 1.0 249
1716909686751 1.0 250
1716909686787 1.0 251
1716909686823 0.9932885906040269 252
1716909686857 1.0 253
1716909686892 1.0 254
1716909686926 1.0 255
1716909686959 1.0 256
1716909686993 1.0 257
1716909687027 1.0 258
1716909687060 1.0 259
1716909687094 1.0 260
1716909687129 1.0 261
1716909687162 0.9798657718120806 262
1716909687196 1.0 263
1716909687230 1.0 264
1716909687264 1.0 265
1716909687295 1.0 266
1716909687329 1.0 267
1716909687363 1.0 268
1716909687397 1.0 269
1716909687431 1.0 270
1716909687465 1.0 271
1716909687498 1.0 272
1716909687532 0.9932885906040269 273
1716909687566 1.0 274
1716909687600 0.9731543624161074 275
1716909687634 0.9932885906040269 276
1716909687669 0.9932885906040269 277
1716909687703 1.0 278
1716909687737 1.0 279
1716909687771 0.959731543624161 280
1716909687804 1.0 281
1716909687838 1.0 282
1716909687872 1.0 283
1716909687906 0.9932885906040269 284
1716909687941 1.0 285
1716909687976 0.9865771812080537 286
1716909688010 0.9932885906040269 287
1716909688044 0.9932885906040269 288
1716909688079 1.0 289
1716909688114 1.0 290
1716909688148 0.9932885906040269 291
1716909688182 1.0 292
1716909688216 1.0 293
1716909688250 1.0 294
1716909688292 1.0 295
1716909688327 1.0 296
1716909688363 1.0 297
1716909688402 0.9932885906040269 298
1716909688439 0.9932885906040269 299
1716909688475 1.0 300
