1716909678232 0.8012422360248447 1
1716909678267 0.9498327759197325 2
1716909678302 0.9459459459459459 3
1716909678338 0.9632107023411371 4
1716909678371 0.9562289562289561 5
1716909678405 0.9403508771929825 6
1716909678440 0.9491525423728814 7
1716909678474 0.9498327759197325 8
1716909678508 0.969283276450512 9
1716909678543 0.9864864864864865 10
1716909678579 0.9831649831649831 11
1716909678614 0.9501661129568106 12
1716909678648 0.9726027397260273 13
1716909678682 0.9698996655518394 14
1716909678716 0.9507042253521127 15
1716909678750 0.9899665551839465 16
1716909678785 0.9898305084745762 17
1716909678818 0.9932432432432432 18
1716909678853 0.9798657718120806 19
1716909678888 0.9337748344370861 20
1716909678921 0.9553264604810996 21
1716909678956 0.9932432432432432 22
1716909678990 0.9731543624161074 23
1716909679025 0.9469964664310955 24
1716909679058 0.9605263157894737 25
1716909679092 0.9797297297297297 26
1716909679127 0.9664429530201343 27
1716909679160 0.9801324503311258 28
1716909679195 0.983050847457627 29
1716909679228 0.98 30
1716909679262 0.9480968858131488 31
1716909679296 0.9798657718120806 32
1716909679330 0.9690721649484537 33
1716909679365 0.9591836734693876 34
1716909679400 0.9832775919732442 35
1716909679436 0.9863945578231292 36
1716909679470 0.9899665551839465 37
1716909679504 0.9899665551839465 38
1716909679539 1.0 39
1716909679589 0.9966329966329966 40
1716909679625 0.9795918367346937 41
1716909679658 0.9966329966329966 42
1716909679692 0.9966329966329966 43
1716909679726 0.9932885906040269 44
1716909679759 0.9898305084745762 45
1716909679793 0.9768976897689768 46
1716909679826 0.9863945578231292 47
1716909679860 0.9898989898989898 48
1716909679893 0.9966329966329966 49
1716909679927 0.983050847457627 50
1716909679960 0.9899665551839465 51
1716909679994 0.9798657718120806 52
1716909680029 0.9473684210526316 53
1716909680062 0.9795918367346937 54
1716909680096 0.9932885906040269 55
1716909680129 0.9932885906040269 56
1716909680166 0.9694915254237289 57
1716909680199 0.9797297297297297 58
1716909680232 0.9570957095709572 59
1716909680266 0.9863945578231292 60
1716909680300 0.9900332225913622 61
1716909680334 0.9831649831649831 62
1716909680368 0.9568106312292358 63
1716909680402 0.9671052631578947 64
1716909680436 0.9898305084745762 65
1716909680470 0.9932885906040269 66
1716909680504 0.9867549668874172 67
1716909680538 1.0 68
1716909680571 1.0 69
1716909680606 0.9966555183946488 70
1716909680640 0.9863945578231292 71
1716909680673 0.9899665551839465 72
1716909680709 1.0 73
1716909680743 1.0 74
1716909680777 1.0 75
1716909680811 0.9933333333333334 76
1716909680847 0.9688581314878892 77
1716909680881 0.9866666666666667 78
1716909680916 0.9899665551839465 79
1716909680950 0.9932432432432432 80
1716909680984 0.9899665551839465 81
1716909681018 1.0 82
1716909681051 1.0 83
1716909681084 0.9864864864864865 84
1716909681118 1.0 85
1716909681152 0.9966329966329966 86
1716909681186 0.9966329966329966 87
1716909681221 1.0 88
1716909681255 0.9966555183946488 89
1716909681287 0.9898989898989898 90
1716909681322 0.9829351535836178 91
1716909681355 0.9764309764309763 92
1716909681388 0.9899665551839465 93
1716909681423 0.9898989898989898 94
1716909681457 0.9932885906040269 95
1716909681491 0.9899665551839465 96
1716909681525 0.9966555183946488 97
1716909681560 1.0 98
1716909681594 1.0 99
1716909681628 0.9966555183946488 100
1716909681665 1.0 101
1716909681700 1.0 102
1716909681734 0.9966329966329966 103
1716909681769 0.9867549668874172 104
1716909681802 0.9864864864864865 105
1716909681837 1.0 106
1716909681871 1.0 107
1716909681904 1.0 108
1716909681939 1.0 109
1716909681973 0.9966329966329966 110
1716909682006 0.9834983498349835 111
1716909682041 0.9932885906040269 112
1716909682075 1.0 113
1716909682108 1.0 114
1716909682143 0.9932432432432432 115
1716909682176 1.0 116
1716909682211 1.0 117
1716909682246 1.0 118
1716909682280 1.0 119
1716909682313 0.9966555183946488 120
1716909682346 1.0 121
1716909682380 1.0 122
1716909682413 1.0 123
1716909682448 1.0 124
1716909682483 1.0 125
1716909682517 1.0 126
1716909682551 0.9898305084745762 127
1716909682585 0.9225806451612903 128
1716909682619 0.9932885906040269 129
1716909682653 0.9966329966329966 130
1716909682687 0.9932885906040269 131
1716909682722 0.9966329966329966 132
1716909682756 0.9966329966329966 133
1716909682789 0.9966329966329966 134
1716909682824 0.9932885906040269 135
1716909682858 0.983050847457627 136
1716909682892 1.0 137
1716909682927 1.0 138
1716909682961 1.0 139
1716909682995 1.0 140
1716909683029 0.9966555183946488 141
1716909683063 0.9966329966329966 142
1716909683097 0.9932885906040269 143
1716909683130 0.9933333333333334 144
1716909683164 1.0 145
1716909683199 1.0 146
1716909683232 1.0 147
1716909683267 1.0 148
1716909683301 1.0 149
1716909683335 1.0 150
1716909683369 1.0 151
1716909683403 0.9898989898989898 152
1716909683436 0.9864864864864865 153
1716909683470 0.9865771812080537 154
1716909683504 0.9899665551839465 155
1716909683538 0.9932885906040269 156
1716909683572 0.9900332225913622 157
1716909683606 0.9727891156462585 158
1716909683640 0.9765886287625419 159
1716909683674 0.9616724738675958 160
1716909683708 0.9865771812080537 161
1716909683742 0.9932885906040269 162
1716909683776 0.9932432432432432 163
1716909683809 0.9966555183946488 164
1716909683842 1.0 165
1716909683876 1.0 166
1716909683910 0.9966329966329966 167
1716909683944 1.0 168
1716909683979 0.9966329966329966 169
1716909684013 0.9932432432432432 170
1716909684046 0.9866666666666667 171
1716909684081 0.9831649831649831 172
1716909684115 0.9966329966329966 173
1716909684148 0.9966555183946488 174
1716909684183 0.9898305084745762 175
1716909684216 0.9932885906040269 176
1716909684250 0.9759450171821306 177
1716909684283 0.9932432432432432 178
1716909684317 0.9832775919732442 179
1716909684350 0.9966329966329966 180
1716909684385 0.9867549668874172 181
1716909684418 0.9932432432432432 182
1716909684454 0.9933333333333334 183
1716909684489 1.0 184
1716909684523 0.9966329966329966 185
1716909684558 1.0 186
1716909684592 1.0 187
1716909684625 1.0 188
1716909684660 1.0 189
1716909684694 1.0 190
1716909684728 1.0 191
1716909684762 1.0 192
1716909684796 1.0 193
1716909684829 0.9899665551839465 194
1716909684862 0.9694915254237289 195
1716909684897 0.9831649831649831 196
1716909684930 0.9932885906040269 197
1716909684964 0.9866666666666667 198
1716909684999 0.9899665551839465 199
1716909685033 0.9863945578231292 200
1716909685066 0.9966329966329966 201
1716909685101 0.9932432432432432 202
1716909685135 0.9966329966329966 203
1716909685168 0.9966329966329966 204
1716909685201 0.9898989898989898 205
1716909685236 0.9898989898989898 206
1716909685269 0.9759450171821306 207
1716909685303 0.9966329966329966 208
1716909685336 0.9966329966329966 209
1716909685370 1.0 210
1716909685404 0.9966329966329966 211
1716909685438 1.0 212
1716909685470 0.9729729729729729 213
1716909685505 0.9802631578947368 214
1716909685540 0.9898989898989898 215
1716909685573 0.9966329966329966 216
1716909685607 0.9966329966329966 217
1716909685641 1.0 218
1716909685675 1.0 219
1716909685709 0.9966329966329966 220
1716909685743 0.9736842105263157 221
1716909685779 0.9932885906040269 222
1716909685813 0.9966329966329966 223
1716909685846 0.9932885906040269 224
1716909685879 0.9966329966329966 225
1716909685912 0.9966329966329966 226
1716909685947 0.9865771812080537 227
1716909685981 0.9932885906040269 228
1716909686015 0.9898305084745762 229
1716909686049 0.9899665551839465 230
1716909686083 0.9933333333333334 231
1716909686115 0.9966329966329966 232
1716909686149 0.9966555183946488 233
1716909686184 0.9966329966329966 234
1716909686218 1.0 235
1716909686252 1.0 236
1716909686287 1.0 237
1716909686321 1.0 238
1716909686354 0.9696969696969697 239
1716909686388 1.0 240
1716909686421 0.9966555183946488 241
1716909686455 1.0 242
1716909686489 0.9966329966329966 243
1716909686523 0.9966555183946488 244
1716909686557 0.9966555183946488 245
1716909686591 0.9966329966329966 246
1716909686624 0.9966555183946488 247
1716909686658 0.9863945578231292 248
1716909686692 1.0 249
1716909686751 1.0 250
1716909686787 1.0 251
1716909686823 0.9966329966329966 252
1716909686857 1.0 253
1716909686892 1.0 254
1716909686926 1.0 255
1716909686959 1.0 256
1716909686994 1.0 257
1716909687028 1.0 258
1716909687061 1.0 259
1716909687095 1.0 260
1716909687129 0.9966555183946488 261
1716909687163 0.9864864864864865 262
1716909687196 0.9933333333333334 263
1716909687230 1.0 264
1716909687264 1.0 265
1716909687295 1.0 266
1716909687329 1.0 267
1716909687363 1.0 268
1716909687398 1.0 269
1716909687431 0.9933333333333334 270
1716909687466 1.0 271
1716909687499 1.0 272
1716909687532 0.9966329966329966 273
1716909687566 0.9966555183946488 274
1716909687600 0.9863945578231292 275
1716909687634 0.9932885906040269 276
1716909687669 0.9966329966329966 277
1716909687704 1.0 278
1716909687737 0.9966555183946488 279
1716909687771 0.9761092150170648 280
1716909687805 0.9900332225913622 281
1716909687838 1.0 282
1716909687873 1.0 283
1716909687907 0.9966329966329966 284
1716909687941 0.9966555183946488 285
1716909687976 0.9932432432432432 286
1716909688010 0.9966329966329966 287
1716909688045 0.9801324503311258 288
1716909688080 0.9966555183946488 289
1716909688114 1.0 290
1716909688148 0.9966329966329966 291
1716909688182 1.0 292
1716909688216 1.0 293
1716909688250 1.0 294
1716909688292 0.9966555183946488 295
1716909688327 1.0 296
1716909688364 1.0 297
1716909688402 0.9932885906040269 298
1716909688439 0.9966329966329966 299
1716909688476 1.0 300
