1716909678234 0.370660947901862 1
1716909678269 0.146701523235866 2
1716909678304 0.10944794384496552 3
1716909678340 0.07348095998167992 4
1716909678373 0.14452302296246802 5
1716909678407 0.13707600587180682 6
1716909678442 0.08699563571384974 7
1716909678476 0.09178185329905578 8
1716909678510 0.11566792907459396 9
1716909678545 0.05896875475134168 10
1716909678581 0.04739029512607625 11
1716909678615 0.1249262278101274 12
1716909678650 0.05053882393985987 13
1716909678684 0.08766395332557815 14
1716909678717 0.09771200615380492 15
1716909678752 0.037599604576826096 16
1716909678787 0.021104957243161544 17
1716909678820 0.05852654842393739 18
1716909678855 0.033052221805389435 19
1716909678890 0.12487601448914834 20
1716909678923 0.06869568649147238 21
1716909678958 0.02461409888097218 22
1716909678992 0.1478383157269231 23
1716909679026 0.08145482492234025 24
1716909679060 0.0632460041503821 25
1716909679095 0.059040027005331855 26
1716909679129 0.06629257263349635 27
1716909679162 0.03765843698887953 28
1716909679196 0.01851014160950269 29
1716909679230 0.04554288395281349 30
1716909679264 0.13037545859281505 31
1716909679298 0.04036685837698834 32
1716909679332 0.090921630417662 33
1716909679367 0.06861571275762149 34
1716909679401 0.030174968631139824 35
1716909679438 0.033239614750657766 36
1716909679472 0.026763578477714742 37
1716909679506 0.01668966342029827 38
1716909679541 0.0069469599319355825 39
1716909679591 0.026055421863150383 40
1716909679626 0.04104947142436036 41
1716909679660 0.012006693220298206 42
1716909679694 0.010493443813174963 43
1716909679728 0.010249726973207933 44
1716909679761 0.17307640286162496 45
1716909679795 0.04955884754391653 46
1716909679828 0.03907466287325535 47
1716909679862 0.03173155590359654 48
1716909679895 0.017096061558861817 49
1716909679929 0.08353778340720705 50
1716909679962 0.017150565150326917 51
1716909679996 0.05343178978988102 52
1716909680031 0.12504257075488567 53
1716909680064 0.04026939161121845 54
1716909680097 0.014515067916363478 55
1716909680131 0.02519037700923426 56
1716909680167 0.15351025364361703 57
1716909680201 0.04450407610940082 58
1716909680234 0.08271027462823051 59
1716909680268 0.027586469892412424 60
1716909680302 0.026097995162542378 61
1716909680336 0.10609297850169241 62
1716909680370 0.21090741309204272 63
1716909680404 0.0827016080064433 64
1716909680438 0.03430932467537267 65
1716909680472 0.029617594821112498 66
1716909680506 0.029429976362735033 67
1716909680539 0.009800059687612312 68
1716909680573 0.005334295581893197 69
1716909680608 0.014590461538838488 70
1716909680641 0.03602656826842576 71
1716909680675 0.012414580610181605 72
1716909680711 0.0039927903562784195 73
1716909680745 0.0033075843239203095 74
1716909680778 0.0045915281183884615 75
1716909680814 0.13761119900404342 76
1716909680849 0.05850495344826153 77
1716909680883 0.025580402929335833 78
1716909680918 0.032863937018971355 79
1716909680952 0.017835370198424374 80
1716909680986 0.02822934969195298 81
1716909681020 0.006412766541221312 82
1716909681053 0.005414515467626708 83
1716909681086 0.017022746382281184 84
1716909681120 0.00841442437376827 85
1716909681154 0.00670751925125452 86
1716909681188 0.007146514104013997 87
1716909681223 0.004262514695126031 88
1716909681256 0.01626974543822663 89
1716909681289 0.025360817796484168 90
1716909681324 0.02149003862203764 91
1716909681356 0.08141088931422148 92
1716909681390 0.02360598130949906 93
1716909681425 0.01512323722376355 94
1716909681459 0.011704728489608638 95
1716909681493 0.010095043972666775 96
1716909681527 0.008790204268214958 97
1716909681562 0.005568996878407363 98
1716909681596 0.002528883732988366 99
1716909681630 0.005127042823005468 100
1716909681668 0.0018212007458454796 101
1716909681702 0.0059373870275781625 102
1716909681736 0.03657929591801284 103
1716909681770 0.026232920013301606 104
1716909681804 0.022785872986008014 105
1716909681839 0.002971434683006789 106
1716909681872 0.004343210519956691 107
1716909681906 0.0034929115874027567 108
1716909681941 0.0029993069640892956 109
1716909681975 0.05661950577216755 110
1716909682008 0.07291955101702895 111
1716909682043 0.014595325154784535 112
1716909682077 0.0044529140660805365 113
1716909682110 0.011700350475231451 114
1716909682144 0.012008869754416602 115
1716909682178 0.0018212392294247235 116
1716909682212 0.001818583654572389 117
1716909682248 0.001638426146070872 118
1716909682281 0.0021081601028397146 119
1716909682314 0.005281952450916704 120
1716909682348 0.0020931969546446843 121
1716909682381 0.001695968963239076 122
1716909682415 0.001486703264942792 123
1716909682450 0.001035115124458181 124
1716909682485 0.0006291800943602409 125
1716909682518 0.0013300550303288869 126
1716909682553 0.0672505646569854 127
1716909682587 0.14309588048074925 128
1716909682621 0.021318275281893357 129
1716909682655 0.018440414486186846 130
1716909682689 0.032992595208010504 131
1716909682723 0.012997701298445463 132
1716909682758 0.012390333435697747 133
1716909682791 0.016447248602552072 134
1716909682826 0.023686396290681193 135
1716909682859 0.050404464543264894 136
1716909682894 0.005539407612689372 137
1716909682928 0.0038337695046461056 138
1716909682963 0.004733051555896444 139
1716909682997 0.0025776903743722607 140
1716909683031 0.0035801854766240077 141
1716909683065 0.008123478049778246 142
1716909683098 0.018466550041921437 143
1716909683132 0.007013748233605709 144
1716909683166 0.00249842758889177 145
1716909683200 0.0009581810819716858 146
1716909683234 0.0013192977057769895 147
1716909683269 0.0009260256899454232 148
1716909683303 0.0009466457122471184 149
1716909683337 0.0015521996829193085 150
1716909683371 0.007079382813701939 151
1716909683405 0.03163245088736793 152
1716909683438 0.04536544627210658 153
1716909683472 0.024095760458814248 154
1716909683505 0.03118944721895137 155
1716909683539 0.02978730569260993 156
1716909683574 0.05922773399756157 157
1716909683608 0.1812065620906651 158
1716909683642 0.1111839742266706 159
1716909683676 0.10499109726931367 160
1716909683710 0.042872711683490446 161
1716909683744 0.018933959903993776 162
1716909683777 0.011899685453889626 163
1716909683811 0.009446595945129437 164
1716909683844 0.0041611698855246815 165
1716909683878 0.0056980122712307745 166
1716909683912 0.009024037513881922 167
1716909683946 0.0047384221106767654 168
1716909683981 0.0045829982430275 169
1716909684015 0.04210638178379408 170
1716909684048 0.034883114509284496 171
1716909684083 0.03101261114768152 172
1716909684116 0.01143878947810403 173
1716909684150 0.01529378954520715 174
1716909684185 0.012888164126447268 175
1716909684217 0.03150361974257976 176
1716909684251 0.07875326808009829 177
1716909684285 0.02385102292256696 178
1716909684319 0.020784456698623086 179
1716909684352 0.017868556414863894 180
1716909684387 0.06064242382334279 181
1716909684420 0.021442875498905778 182
1716909684456 0.011294193931722216 183
1716909684491 0.008652634511236101 184
1716909684525 0.011606510412613196 185
1716909684560 0.0021450171313647714 186
1716909684594 0.0020604796092292027 187
1716909684627 0.0015448022084975882 188
1716909684661 0.0012474575653738742 189
1716909684696 0.0010779288298051273 190
1716909684730 0.0026893029072588043 191
1716909684764 0.0030924168781244327 192
1716909684798 0.004973204956123871 193
1716909684831 0.1059331611197974 194
1716909684864 0.32828858621152385 195
1716909684898 0.051368111079292636 196
1716909684932 0.0903652394855661 197
1716909684966 0.019136680157056878 198
1716909685001 0.05747616843187383 199
1716909685034 0.034541814654533355 200
1716909685068 0.020785486325621605 201
1716909685103 0.024286428832315972 202
1716909685137 0.023012238488133465 203
1716909685170 0.009075501601078681 204
1716909685203 0.023543469441522445 205
1716909685237 0.06240555211635573 206
1716909685271 0.044186622270249894 207
1716909685304 0.010907202260568738 208
1716909685338 0.00874074678202825 209
1716909685372 0.004932187614031136 210
1716909685405 0.00436394358985126 211
1716909685439 0.0030415126737872405 212
1716909685472 0.048929624093164294 213
1716909685507 0.02137042212832187 214
1716909685542 0.01447231971126582 215
1716909685575 0.004006811467531536 216
1716909685609 0.012130713838684772 217
1716909685643 0.0017117180728486606 218
1716909685677 0.001593692327982613 219
1716909685711 0.0420638893348431 220
1716909685746 0.0590178483066016 221
1716909685780 0.016225361564595784 222
1716909685814 0.012414550275674887 223
1716909685848 0.011726405637870942 224
1716909685880 0.008260757279848414 225
1716909685914 0.004149871828433659 226
1716909685948 0.016628621603428786 227
1716909685983 0.036482711522174735 228
1716909686017 0.033629643148742616 229
1716909686051 0.019706665687928244 230
1716909686085 0.012022792943753302 231
1716909686117 0.010058012117432165 232
1716909686151 0.004602203578022974 233
1716909686186 0.005424218002839812 234
1716909686220 0.007156868639867753 235
1716909686254 0.001470437622629106 236
1716909686289 0.004202512300772858 237
1716909686323 0.0019171805886019553 238
1716909686356 0.05178062181221321 239
1716909686389 0.0024819507130554746 240
1716909686423 0.006406022202489632 241
1716909686457 0.0021737530644583914 242
1716909686491 0.01663524503653337 243
1716909686525 0.003667473202637796 244
1716909686558 0.0052327627948086175 245
1716909686592 0.007501536880486778 246
1716909686626 0.02595253481662699 247
1716909686660 0.027327953854442706 248
1716909686693 0.0009621564282237419 249
1716909686753 0.004071841843792104 250
1716909686789 0.0009566706222748118 251
1716909686825 0.004770740301215223 252
1716909686859 0.007263012226238581 253
1716909686894 0.002407169173238799 254
1716909686928 0.0011919724139651017 255
1716909686961 0.002419941987942106 256
1716909686995 0.0009897133859340101 257
1716909687029 0.0009177604806609452 258
1716909687062 0.0009213966529517036 259
1716909687096 0.0007174929175692211 260
1716909687131 0.02038021592514789 261
1716909687165 0.032174242207215036 262
1716909687198 0.00680300363871668 263
1716909687232 0.0031873275459344897 264
1716909687266 0.0006623658118769526 265
1716909687297 0.0017783729417715222 266
1716909687331 0.002187095453596807 267
1716909687366 0.0008704842642016177 268
1716909687400 0.004583820860716514 269
1716909687433 0.009772921554810767 270
1716909687467 0.0019358107030192123 271
1716909687501 0.0006911615616575416 272
1716909687534 0.00872667460602575 273
1716909687568 0.031784334280278666 274
1716909687602 0.06494637724244967 275
1716909687636 0.01352734788919666 276
1716909687671 0.0031295717012004127 277
1716909687706 0.0007503116170742682 278
1716909687739 0.07349212993618234 279
1716909687773 0.0375416002352722 280
1716909687806 0.011821984072282379 281
1716909687840 0.004381341377406248 282
1716909687874 0.0012893314872469222 283
1716909687908 0.006017884809157944 284
1716909687943 0.02055974239816091 285
1716909687978 0.01233321346808225 286
1716909688012 0.03427642846613058 287
1716909688047 0.046400904189795256 288
1716909688082 0.006611318527055638 289
1716909688116 0.005765892182742911 290
1716909688150 0.005574096792510578 291
1716909688185 0.006489080460076886 292
1716909688218 0.0009903596946969628 293
1716909688253 0.001490952297379928 294
1716909688294 0.004251649994070509 295
1716909688330 0.0038889876949334784 296
1716909688367 0.007615796772630087 297
1716909688405 0.02319365762273914 298
1716909688441 0.0030668431843098786 299
1716909688478 0.0008861141769947219 300
