1716909678231 0.7456647398843931 1
1716909678266 0.9466666666666667 2
1716909678302 0.9523809523809523 3
1716909678337 0.96 4
1716909678371 0.9594594594594594 5
1716909678405 0.9852941176470589 6
1716909678439 0.958904109589041 7
1716909678473 0.9466666666666667 8
1716909678507 0.9861111111111112 9
1716909678542 0.9931972789115646 10
1716909678578 0.9864864864864865 11
1716909678613 0.9407894736842105 12
1716909678647 0.993006993006993 13
1716909678682 0.9666666666666667 14
1716909678715 1.0 15
1716909678749 0.9866666666666667 16
1716909678784 1.0 17
1716909678818 1.0 18
1716909678852 0.9798657718120806 19
1716909678887 0.9215686274509803 20
1716909678920 0.9788732394366197 21
1716909678955 1.0 22
1716909678990 0.9731543624161074 23
1716909679024 1.0 24
1716909679057 0.9419354838709677 25
1716909679092 0.9863945578231292 26
1716909679127 0.9664429530201343 27
1716909679159 0.9673202614379085 28
1716909679194 0.9931506849315068 29
1716909679227 0.9735099337748344 30
1716909679261 0.9785714285714285 31
1716909679296 0.9798657718120806 32
1716909679329 0.9929577464788732 33
1716909679364 0.9724137931034482 34
1716909679399 0.98 35
1716909679435 1.0 36
1716909679469 0.9866666666666667 37
1716909679504 0.9866666666666667 38
1716909679538 1.0 39
1716909679588 1.0 40
1716909679624 0.993103448275862 41
1716909679658 1.0 42
1716909679691 1.0 43
1716909679725 0.9932885906040269 44
1716909679758 1.0 45
1716909679792 0.961038961038961 46
1716909679826 1.0 47
1716909679859 0.9932432432432432 48
1716909679893 1.0 49
1716909679927 0.9931506849315068 50
1716909679959 0.9866666666666667 51
1716909679993 0.9798657718120806 52
1716909680028 0.9290322580645162 53
1716909680062 0.993103448275862 54
1716909680095 0.9932885906040269 55
1716909680128 0.9932885906040269 56
1716909680163 0.9794520547945206 57
1716909680199 0.9863945578231292 58
1716909680232 0.9415584415584416 59
1716909680265 1.0 60
1716909680299 0.9802631578947368 61
1716909680333 0.9864864864864865 62
1716909680367 0.9473684210526315 63
1716909680402 0.9483870967741935 64
1716909680435 1.0 65
1716909680469 0.9932885906040269 66
1716909680504 0.9738562091503268 67
1716909680537 1.0 68
1716909680571 1.0 69
1716909680605 0.9933333333333333 70
1716909680639 1.0 71
1716909680673 0.9866666666666667 72
1716909680708 1.0 73
1716909680743 1.0 74
1716909680776 1.0 75
1716909680811 0.9867549668874173 76
1716909680847 1.0 77
1716909680881 0.9801324503311258 78
1716909680916 0.9866666666666667 79
1716909680949 1.0 80
1716909680983 0.9866666666666667 81
1716909681017 1.0 82
1716909681050 1.0 83
1716909681084 0.9931972789115646 84
1716909681117 1.0 85
1716909681152 1.0 86
1716909681186 1.0 87
1716909681220 1.0 88
1716909681254 0.9933333333333333 89
1716909681286 0.9932432432432432 90
1716909681321 1.0 91
1716909681354 0.9797297297297297 92
1716909681388 0.9866666666666667 93
1716909681422 0.9932432432432432 94
1716909681457 0.9932885906040269 95
1716909681490 0.9866666666666667 96
1716909681525 0.9933333333333333 97
1716909681559 1.0 98
1716909681593 1.0 99
1716909681627 0.9933333333333333 100
1716909681665 1.0 101
1716909681699 1.0 102
1716909681734 1.0 103
1716909681768 0.9738562091503268 104
1716909681801 0.9931972789115646 105
1716909681836 1.0 106
1716909681870 1.0 107
1716909681904 1.0 108
1716909681939 1.0 109
1716909681972 1.0 110
1716909682005 0.9675324675324676 111
1716909682040 0.9932885906040269 112
1716909682074 1.0 113
1716909682108 1.0 114
1716909682142 1.0 115
1716909682175 1.0 116
1716909682210 1.0 117
1716909682245 1.0 118
1716909682279 1.0 119
1716909682312 0.9933333333333333 120
1716909682345 1.0 121
1716909682379 1.0 122
1716909682413 1.0 123
1716909682447 1.0 124
1716909682482 1.0 125
1716909682516 1.0 126
1716909682550 1.0 127
1716909682584 0.8881987577639752 128
1716909682619 0.9932885906040269 129
1716909682652 1.0 130
1716909682687 0.9932885906040269 131
1716909682721 1.0 132
1716909682755 1.0 133
1716909682789 1.0 134
1716909682823 0.9932885906040269 135
1716909682857 0.9931506849315068 136
1716909682891 1.0 137
1716909682926 1.0 138
1716909682960 1.0 139
1716909682995 1.0 140
1716909683028 0.9933333333333333 141
1716909683062 1.0 142
1716909683096 0.9932885906040269 143
1716909683129 0.9867549668874173 144
1716909683164 1.0 145
1716909683198 1.0 146
1716909683232 1.0 147
1716909683266 1.0 148
1716909683301 1.0 149
1716909683334 1.0 150
1716909683368 1.0 151
1716909683402 0.9932432432432432 152
1716909683435 0.9931972789115646 153
1716909683469 0.9865771812080537 154
1716909683503 0.9866666666666667 155
1716909683537 0.9932885906040269 156
1716909683572 0.9802631578947368 157
1716909683605 0.9862068965517241 158
1716909683639 0.9733333333333334 159
1716909683674 1.0 160
1716909683707 0.9865771812080537 161
1716909683741 0.9932885906040269 162
1716909683775 1.0 163
1716909683808 0.9933333333333333 164
1716909683842 1.0 165
1716909683875 1.0 166
1716909683909 1.0 167
1716909683943 1.0 168
1716909683979 1.0 169
1716909684012 1.0 170
1716909684046 0.9801324503311258 171
1716909684080 0.9864864864864865 172
1716909684114 1.0 173
1716909684148 0.9933333333333333 174
1716909684182 1.0 175
1716909684215 0.9932885906040269 176
1716909684249 1.0 177
1716909684283 1.0 178
1716909684317 0.98 179
1716909684349 1.0 180
1716909684384 0.9738562091503268 181
1716909684417 1.0 182
1716909684453 0.9867549668874173 183
1716909684488 1.0 184
1716909684522 1.0 185
1716909684557 1.0 186
1716909684591 1.0 187
1716909684625 1.0 188
1716909684659 1.0 189
1716909684693 1.0 190
1716909684727 1.0 191
1716909684761 1.0 192
1716909684795 1.0 193
1716909684829 0.9866666666666667 194
1716909684861 0.9794520547945206 195
1716909684896 0.9864864864864865 196
1716909684929 0.9932885906040269 197
1716909684963 0.9801324503311258 198
1716909684998 0.9866666666666667 199
1716909685032 1.0 200
1716909685066 1.0 201
1716909685100 1.0 202
1716909685134 1.0 203
1716909685168 1.0 204
1716909685201 0.9932432432432432 205
1716909685235 0.9932432432432432 206
1716909685269 1.0 207
1716909685302 1.0 208
1716909685336 1.0 209
1716909685369 1.0 210
1716909685403 1.0 211
1716909685437 1.0 212
1716909685470 0.9795918367346939 213
1716909685505 0.9612903225806452 214
1716909685539 0.9932432432432432 215
1716909685572 1.0 216
1716909685606 1.0 217
1716909685640 1.0 218
1716909685674 1.0 219
1716909685709 1.0 220
1716909685743 0.9548387096774194 221
1716909685778 0.9932885906040269 222
1716909685812 1.0 223
1716909685845 0.9932885906040269 224
1716909685878 1.0 225
1716909685911 1.0 226
1716909685946 0.9865771812080537 227
1716909685980 0.9932885906040269 228
1716909686015 1.0 229
1716909686048 0.9866666666666667 230
1716909686082 0.9867549668874173 231
1716909686115 1.0 232
1716909686149 0.9933333333333333 233
1716909686183 1.0 234
1716909686218 1.0 235
1716909686251 1.0 236
1716909686286 1.0 237
1716909686321 1.0 238
1716909686353 0.972972972972973 239
1716909686387 1.0 240
1716909686421 0.9933333333333333 241
1716909686454 1.0 242
1716909686489 1.0 243
1716909686522 0.9933333333333333 244
1716909686556 0.9933333333333333 245
1716909686590 1.0 246
1716909686623 0.9933333333333333 247
1716909686657 1.0 248
1716909686691 1.0 249
1716909686750 1.0 250
1716909686786 1.0 251
1716909686822 1.0 252
1716909686857 1.0 253
1716909686891 1.0 254
1716909686925 1.0 255
1716909686959 1.0 256
1716909686993 1.0 257
1716909687027 1.0 258
1716909687060 1.0 259
1716909687094 1.0 260
1716909687128 0.9933333333333333 261
1716909687162 0.9931972789115646 262
1716909687195 0.9867549668874173 263
1716909687230 1.0 264
1716909687263 1.0 265
1716909687295 1.0 266
1716909687329 1.0 267
1716909687362 1.0 268
1716909687397 1.0 269
1716909687431 0.9867549668874173 270
1716909687465 1.0 271
1716909687498 1.0 272
1716909687531 1.0 273
1716909687566 0.9933333333333333 274
1716909687599 1.0 275
1716909687633 0.9932885906040269 276
1716909687668 1.0 277
1716909687703 1.0 278
1716909687736 0.9933333333333333 279
1716909687771 0.9930555555555556 280
1716909687804 0.9802631578947368 281
1716909687837 1.0 282
1716909687872 1.0 283
1716909687906 1.0 284
1716909687940 0.9933333333333333 285
1716909687975 1.0 286
1716909688010 1.0 287
1716909688044 0.9673202614379085 288
1716909688079 0.9933333333333333 289
1716909688113 1.0 290
1716909688147 1.0 291
1716909688182 1.0 292
1716909688216 1.0 293
1716909688249 1.0 294
1716909688291 0.9933333333333333 295
1716909688327 1.0 296
1716909688363 1.0 297
1716909688402 0.9932885906040269 298
1716909688438 1.0 299
1716909688475 1.0 300
