1716904481285 0.843956043956044 1
1716904481323 0.9736263736263736 2
1716904481359 0.9582417582417583 3
1716904481396 0.978021978021978 4
1716904481432 0.9472527472527472 5
1716904481466 0.9384615384615385 6
1716904481501 0.9692307692307692 7
1716904481537 0.9868131868131869 8
1716904481574 0.9824175824175824 9
1716904481609 0.978021978021978 10
1716904481645 0.9846153846153847 11
1716904481679 0.9758241758241758 12
1716904481715 0.9758241758241758 13
1716904481751 0.9868131868131869 14
1716904481785 0.9736263736263736 15
1716904481821 0.978021978021978 16
1716904481857 0.9714285714285714 17
1716904481892 0.9692307692307692 18
1716904481928 0.9758241758241758 19
1716904481963 0.9868131868131869 20
