1716904481286 0.7355769230769231 1
1716904481323 0.9644970414201184 2
1716904481359 0.9411764705882353 3
1716904481396 0.9877300613496932 4
1716904481432 0.9738562091503268 5
1716904481467 0.8810810810810811 6
1716904481502 0.9532163742690059 7
1716904481537 1.0 8
1716904481574 0.9763313609467456 9
1716904481610 0.9649122807017544 10
1716904481646 1.0 11
1716904481680 0.9817073170731707 12
1716904481715 0.9647058823529412 13
1716904481751 0.9880239520958084 14
1716904481786 0.9644970414201184 15
1716904481822 0.9818181818181818 16
1716904481857 0.9698795180722891 17
1716904481893 0.9813664596273292 18
1716904481928 0.9702380952380952 19
1716904481964 0.9822485207100592 20
