1716904481286 0.8116710875331565 1
1716904481324 0.9644970414201184 2
1716904481360 0.943952802359882 3
1716904481397 0.9698795180722891 4
1716904481433 0.9254658385093166 5
1716904481468 0.9209039548022598 6
1716904481502 0.9588235294117646 7
1716904481538 0.9819277108433735 8
1716904481575 0.9763313609467456 9
1716904481611 0.9705882352941176 10
1716904481646 0.9788519637462235 11
1716904481680 0.9669669669669669 12
1716904481716 0.967551622418879 13
1716904481752 0.9821428571428571 14
1716904481786 0.9644970414201184 15
1716904481822 0.9700598802395209 16
1716904481858 0.9611940298507463 17
1716904481894 0.9575757575757575 18
1716904481929 0.967359050445104 19
1716904481964 0.9822485207100592 20
