1716904481288 0.35592298209667206 1
1716904481326 0.1093891381751746 2
1716904481362 0.1269386550411582 3
1716904481399 0.12253068177960813 4
1716904481434 0.21117049315944314 5
1716904481469 0.1749379877001047 6
1716904481504 0.10092606209218502 7
1716904481540 0.07153449766337872 8
1716904481577 0.06427269941195846 9
1716904481612 0.07594317593611777 10
1716904481648 0.05472849274519831 11
1716904481682 0.10388118517585099 12
1716904481718 0.06815883284434676 13
1716904481754 0.040951275965198874 14
1716904481788 0.06116276537068188 15
1716904481824 0.0598494375590235 16
1716904481860 0.10718779219314456 17
1716904481895 0.0884477673098445 18
1716904481931 0.08333129354286939 19
1716904481966 0.04516266594873741 20
