1716904481286 0.9053254437869822 1
1716904481323 0.9644970414201184 2
1716904481360 0.9467455621301775 3
1716904481396 0.9526627218934911 4
1716904481432 0.8816568047337278 5
1716904481467 0.9644970414201184 6
1716904481502 0.9644970414201184 7
1716904481538 0.9644970414201184 8
1716904481575 0.9763313609467456 9
1716904481610 0.9763313609467456 10
1716904481646 0.9585798816568047 11
1716904481680 0.9526627218934911 12
1716904481716 0.9704142011834319 13
1716904481752 0.9763313609467456 14
1716904481786 0.9644970414201184 15
1716904481822 0.9585798816568047 16
1716904481858 0.9526627218934911 17
1716904481893 0.9349112426035503 18
1716904481929 0.9644970414201184 19
1716904481964 0.9822485207100592 20
