1716908681068 0.8448275862068966 1
1716908681104 0.9384164222873901 2
1716908681139 0.9305135951661632 3
1716908681177 0.9696969696969696 4
1716908681213 0.9583333333333333 5
1716908681248 0.9526627218934911 6
1716908681283 0.9607250755287009 7
1716908681319 0.9734513274336284 8
1716908681354 0.9142857142857144 9
1716908681390 0.9702380952380952 10
1716908681426 0.9429429429429429 11
1716908681462 0.9821428571428571 12
1716908681498 0.9541284403669724 13
1716908681533 0.9611940298507463 14
1716908681568 0.9636363636363637 15
1716908681604 0.9667673716012084 16
1716908681640 0.9850746268656716 17
1716908681677 0.9850746268656716 18
1716908681713 0.9760479041916168 19
1716908681749 0.988095238095238 20
1716908681785 0.9852507374631269 21
1716908681820 0.9910979228486648 22
1716908681856 0.9538461538461538 23
1716908681890 0.9602446483180428 24
1716908681926 0.988095238095238 25
1716908681962 0.9850746268656716 26
1716908681998 0.9763313609467456 27
1716908682033 0.9822485207100592 28
1716908682068 0.967930029154519 29
1716908682103 0.9642857142857144 30
1716908682139 0.9792284866468843 31
1716908682176 0.9910979228486648 32
1716908682211 0.9792284866468843 33
1716908682247 0.9849849849849849 34
1716908682282 0.9647058823529411 35
1716908682317 0.9794721407624634 36
1716908682353 0.9792284866468843 37
1716908682387 0.9607250755287009 38
1716908682423 0.9880239520958084 39
1716908682459 0.9823529411764705 40
1716908682494 0.9791044776119403 41
1716908682529 0.9651162790697676 42
1716908682565 0.988095238095238 43
1716908682601 0.9910979228486648 44
1716908682636 0.9940476190476192 45
1716908682672 0.9822485207100592 46
1716908682708 0.9940828402366864 47
1716908682743 1.0 48
1716908682778 0.9911504424778761 49
1716908682813 0.9819277108433735 50
1716908682848 0.9793510324483775 51
1716908682884 0.9792284866468843 52
1716908682919 0.9792284866468843 53
1716908682952 0.9910979228486648 54
1716908682988 0.9940476190476192 55
1716908683024 0.979591836734694 56
1716908683059 0.9970326409495549 57
1716908683094 0.988095238095238 58
1716908683129 0.9488636363636365 59
1716908683164 0.9910447761194029 60
1716908683200 0.9910979228486648 61
1716908683235 0.9737609329446064 62
1716908683270 0.9734513274336284 63
1716908683306 0.9792284866468843 64
1716908683340 0.9912023460410557 65
1716908683376 0.9575757575757575 66
1716908683413 0.9819277108433735 67
1716908683448 0.9681159420289855 68
1716908683484 0.9480122324159023 69
1716908683518 0.9704142011834319 70
1716908683554 0.9444444444444444 71
1716908683589 0.9631901840490796 72
1716908683624 0.9760479041916168 73
1716908683659 0.9642857142857144 74
1716908683695 0.9849849849849849 75
1716908683730 0.988095238095238 76
1716908683766 0.9940828402366864 77
1716908683801 0.9535603715170279 78
1716908683837 0.9820359281437127 79
1716908683873 0.9820359281437127 80
1716908683908 0.9681159420289855 81
1716908683944 0.967551622418879 82
1716908683979 0.9850746268656716 83
1716908684015 0.972809667673716 84
1716908684063 0.9910447761194029 85
1716908684099 0.973134328358209 86
1716908684134 0.9793510324483775 87
1716908684170 0.9822485207100592 88
1716908684205 0.9881656804733728 89
1716908684240 0.9852507374631269 90
1716908684276 0.9695121951219512 91
1716908684312 0.9880239520958084 92
1716908684347 0.9880239520958084 93
1716908684382 0.9853372434017595 94
1716908684417 0.9910979228486648 95
1716908684452 0.9880239520958084 96
1716908684487 0.9970326409495549 97
1716908684521 1.0 98
1716908684556 0.9881656804733728 99
1716908684592 0.988095238095238 100
