1716908681068 0.8698224852071006 1
1716908681104 0.9467455621301775 2
1716908681139 0.9112426035502958 3
1716908681177 0.9467455621301775 4
1716908681212 0.9526627218934911 5
1716908681247 0.9526627218934911 6
1716908681283 0.9408284023668639 7
1716908681319 0.9763313609467456 8
1716908681354 0.8520710059171598 9
1716908681390 0.9644970414201184 10
1716908681426 0.9289940828402367 11
1716908681462 0.9763313609467456 12
1716908681497 0.9230769230769231 13
1716908681532 0.9526627218934911 14
1716908681567 0.9408284023668639 15
1716908681604 0.9467455621301775 16
1716908681640 0.9763313609467456 17
1716908681676 0.9763313609467456 18
1716908681713 0.9644970414201184 19
1716908681748 0.9822485207100592 20
1716908681785 0.9881656804733728 21
1716908681820 0.9881656804733728 22
1716908681856 0.9171597633136095 23
1716908681890 0.9289940828402367 24
1716908681926 0.9822485207100592 25
1716908681962 0.9763313609467456 26
1716908681998 0.9763313609467456 27
1716908682033 0.9822485207100592 28
1716908682068 0.9822485207100592 29
1716908682103 0.9585798816568047 30
1716908682139 0.9763313609467456 31
1716908682176 0.9881656804733728 32
1716908682211 0.9763313609467456 33
1716908682247 0.9704142011834319 34
1716908682281 0.9704142011834319 35
1716908682317 0.9881656804733728 36
1716908682352 0.9763313609467456 37
1716908682387 0.9408284023668639 38
1716908682423 0.9763313609467456 39
1716908682458 0.9881656804733728 40
1716908682493 0.9704142011834319 41
1716908682529 0.9822485207100592 42
1716908682565 0.9822485207100592 43
1716908682601 0.9881656804733728 44
1716908682636 0.9881656804733728 45
1716908682672 0.9822485207100592 46
1716908682707 0.9940828402366864 47
1716908682743 1.0 48
1716908682778 0.9940828402366864 49
1716908682812 0.9644970414201184 50
1716908682848 0.9822485207100592 51
1716908682884 0.9763313609467456 52
1716908682918 0.9763313609467456 53
1716908682952 0.9881656804733728 54
1716908682988 0.9881656804733728 55
1716908683023 0.9940828402366864 56
1716908683059 0.9940828402366864 57
1716908683094 0.9822485207100592 58
1716908683129 0.9881656804733728 59
1716908683164 0.9822485207100592 60
1716908683200 0.9881656804733728 61
1716908683235 0.9881656804733728 62
1716908683270 0.9763313609467456 63
1716908683306 0.9763313609467456 64
1716908683340 1.0 65
1716908683376 0.9349112426035503 66
1716908683413 0.9644970414201184 67
1716908683448 0.9881656804733728 68
1716908683483 0.9171597633136095 69
1716908683518 0.9704142011834319 70
1716908683553 0.9053254437869822 71
1716908683589 0.9289940828402367 72
1716908683624 0.9644970414201184 73
1716908683658 0.9585798816568047 74
1716908683694 0.9704142011834319 75
1716908683729 0.9822485207100592 76
1716908683765 0.9940828402366864 77
1716908683801 0.9112426035502958 78
1716908683837 0.9704142011834319 79
1716908683873 0.9704142011834319 80
1716908683908 0.9881656804733728 81
1716908683943 0.9704142011834319 82
1716908683979 0.9763313609467456 83
1716908684015 0.9526627218934911 84
1716908684062 0.9822485207100592 85
1716908684099 0.9644970414201184 86
1716908684133 0.9822485207100592 87
1716908684170 0.9822485207100592 88
1716908684205 0.9881656804733728 89
1716908684240 0.9881656804733728 90
1716908684275 0.9408284023668639 91
1716908684311 0.9763313609467456 92
1716908684346 0.9763313609467456 93
1716908684382 0.9940828402366864 94
1716908684416 0.9881656804733728 95
1716908684451 0.9763313609467456 96
1716908684486 0.9940828402366864 97
1716908684521 1.0 98
1716908684556 0.9881656804733728 99
1716908684592 0.9822485207100592 100
