1716908681067 0.8813186813186813 1
1716908681103 0.9538461538461539 2
1716908681138 0.9494505494505494 3
1716908681176 0.978021978021978 4
1716908681211 0.9692307692307692 5
1716908681247 0.9648351648351648 6
1716908681282 0.9714285714285714 7
1716908681318 0.9802197802197802 8
1716908681353 0.9406593406593406 9
1716908681389 0.978021978021978 10
1716908681425 0.9582417582417583 11
1716908681461 0.9868131868131869 12
1716908681497 0.967032967032967 13
1716908681531 0.9714285714285714 14
1716908681567 0.9736263736263736 15
1716908681603 0.9758241758241758 16
1716908681639 0.989010989010989 17
1716908681675 0.989010989010989 18
1716908681712 0.9824175824175824 19
1716908681748 0.9912087912087912 20
1716908681784 0.989010989010989 21
1716908681819 0.9934065934065934 22
1716908681855 0.967032967032967 23
1716908681889 0.9714285714285714 24
1716908681925 0.9912087912087912 25
1716908681961 0.989010989010989 26
1716908681997 0.9824175824175824 27
1716908682032 0.9868131868131869 28
1716908682067 0.9758241758241758 29
1716908682102 0.9736263736263736 30
1716908682138 0.9846153846153847 31
1716908682175 0.9934065934065934 32
1716908682210 0.9846153846153847 33
1716908682246 0.989010989010989 34
1716908682281 0.9736263736263736 35
1716908682316 0.9846153846153847 36
1716908682351 0.9846153846153847 37
1716908682386 0.9714285714285714 38
1716908682422 0.9912087912087912 39
1716908682457 0.9868131868131869 40
1716908682492 0.9846153846153847 41
1716908682528 0.9736263736263736 42
1716908682564 0.9912087912087912 43
1716908682600 0.9934065934065934 44
1716908682635 0.9956043956043956 45
1716908682671 0.9868131868131869 46
1716908682706 0.9956043956043956 47
1716908682742 1.0 48
1716908682777 0.9934065934065934 49
1716908682812 0.9868131868131869 50
1716908682847 0.9846153846153847 51
1716908682883 0.9846153846153847 52
1716908682917 0.9846153846153847 53
1716908682951 0.9934065934065934 54
1716908682987 0.9956043956043956 55
1716908683023 0.9846153846153847 56
1716908683058 0.9978021978021978 57
1716908683093 0.9912087912087912 58
1716908683128 0.9604395604395605 59
1716908683163 0.9934065934065934 60
1716908683199 0.9934065934065934 61
1716908683234 0.9802197802197802 62
1716908683269 0.9802197802197802 63
1716908683305 0.9846153846153847 64
1716908683339 0.9934065934065934 65
1716908683375 0.9692307692307692 66
1716908683412 0.9868131868131869 67
1716908683447 0.9758241758241758 68
1716908683482 0.9626373626373627 69
1716908683517 0.978021978021978 70
1716908683552 0.9604395604395605 71
1716908683588 0.9736263736263736 72
1716908683623 0.9824175824175824 73
1716908683658 0.9736263736263736 74
1716908683694 0.989010989010989 75
1716908683728 0.9912087912087912 76
1716908683764 0.9956043956043956 77
1716908683800 0.967032967032967 78
1716908683836 0.9868131868131869 79
1716908683872 0.9868131868131869 80
1716908683907 0.9758241758241758 81
1716908683943 0.9758241758241758 82
1716908683978 0.989010989010989 83
1716908684014 0.9802197802197802 84
1716908684061 0.9934065934065934 85
1716908684098 0.9802197802197802 86
1716908684132 0.9846153846153847 87
1716908684169 0.9868131868131869 88
1716908684204 0.9912087912087912 89
1716908684239 0.989010989010989 90
1716908684275 0.978021978021978 91
1716908684310 0.9912087912087912 92
1716908684346 0.9912087912087912 93
1716908684381 0.989010989010989 94
1716908684415 0.9934065934065934 95
1716908684450 0.9912087912087912 96
1716908684486 0.9978021978021978 97
1716908684520 1.0 98
1716908684555 0.9912087912087912 99
1716908684591 0.9912087912087912 100
