1716908681070 0.3085883390158415 1
1716908681106 0.16220288630574942 2
1716908681141 0.1462013041600585 3
1716908681179 0.07792159239761531 4
1716908681214 0.09877796610817313 5
1716908681249 0.18025930470321327 6
1716908681285 0.09391851350665092 7
1716908681321 0.09707084437832236 8
1716908681356 0.1466863160021603 9
1716908681392 0.2873532962985337 10
1716908681428 0.08805867657065392 11
1716908681464 0.06257776659913361 12
1716908681499 0.11652967985719442 13
1716908681534 0.2741211289539933 14
1716908681570 0.11553121544420719 15
1716908681606 0.07629343727603555 16
1716908681642 0.04270096227992326 17
1716908681678 0.043770081363618374 18
1716908681715 0.036235282896086574 19
1716908681750 0.040109216468408704 20
1716908681787 0.03700380533700809 21
1716908681822 0.07308301358716562 22
1716908681857 0.15298662008717656 23
1716908681892 0.09076837194152176 24
1716908681928 0.04141924495343119 25
1716908681964 0.031259471201337874 26
1716908681999 0.03819371364079416 27
1716908682034 0.11237554537365213 28
1716908682070 0.060894166701473296 29
1716908682105 0.06076776410918683 30
1716908682141 0.03162049042293802 31
1716908682178 0.018788242829032242 32
1716908682213 0.0492900675162673 33
1716908682249 0.025485084421234205 34
1716908682283 0.06870899652130902 35
1716908682318 0.039317234099144116 36
1716908682354 0.05182482791133225 37
1716908682389 0.0948840839555487 38
1716908682425 0.025849993689917028 39
1716908682460 0.2177712254342623 40
1716908682495 0.07738416874781251 41
1716908682531 0.08393924275878817 42
1716908682567 0.028487534902524203 43
1716908682603 0.02658319310285151 44
1716908682638 0.012610585719812661 45
1716908682674 0.02069916229811497 46
1716908682709 0.015621668746462092 47
1716908682745 0.004837109328946099 48
1716908682780 0.048605468866298907 49
1716908682814 0.04792837757850066 50
1716908682850 0.03778822219464928 51
1716908682885 0.29126488679321483 52
1716908682921 0.060562608763575554 53
1716908682954 0.03699808521196246 54
1716908682990 0.03174890513764694 55
1716908683025 0.04877973813563585 56
1716908683061 0.013517484039766714 57
1716908683096 0.0769447847851552 58
1716908683131 0.0812616596231237 59
1716908683166 0.018871661159209907 60
1716908683202 0.07173197297379375 61
1716908683237 0.05543573189061135 62
1716908683272 0.17621545132715255 63
1716908683308 0.05131056974641979 64
1716908683342 0.06340736581478268 65
1716908683378 0.09603729844093323 66
1716908683415 0.061216747388243675 67
1716908683450 0.08294209965970367 68
1716908683486 0.10824609384872019 69
1716908683520 0.0922217289917171 70
1716908683556 0.12030368437990546 71
1716908683591 0.06355507299304008 72
1716908683626 0.047540775034576654 73
1716908683660 0.08267995074857026 74
1716908683696 0.03121728403493762 75
1716908683731 0.027711409027688205 76
1716908683767 0.05437403341056779 77
1716908683803 0.08837940584635362 78
1716908683839 0.02831636363407597 79
1716908683875 0.10591003615991212 80
1716908683910 0.15383095381548628 81
1716908683946 0.2483362527564168 82
1716908683981 0.07533953711390495 83
1716908684017 0.056928002391941845 84
1716908684065 0.027911314042285085 85
1716908684101 0.0869220633758232 86
1716908684135 0.05468484590528533 87
1716908684171 0.0342485475121066 88
1716908684207 0.027698165562469512 89
1716908684242 0.07243561273207888 90
1716908684277 0.05832777114119381 91
1716908684313 0.02232966833980754 92
1716908684349 0.17092604259960353 93
1716908684384 0.051287674345076084 94
1716908684418 0.121859559440054 95
1716908684453 0.09855361608788371 96
1716908684489 0.03798971977084875 97
1716908684523 0.014303280040621758 98
1716908684558 0.02086280076764524 99
1716908684594 0.19645606965059415 100
