1716908681067 0.8212290502793296 1
1716908681104 0.9302325581395349 2
1716908681139 0.9506172839506173 3
1716908681176 0.9937888198757764 4
1716908681212 0.9640718562874252 5
1716908681247 0.9526627218934911 6
1716908681283 0.9814814814814815 7
1716908681318 0.9705882352941176 8
1716908681354 0.9863013698630136 9
1716908681389 0.9760479041916168 10
1716908681426 0.9573170731707317 11
1716908681462 0.9880239520958084 12
1716908681497 0.9873417721518988 13
1716908681532 0.9698795180722891 14
1716908681567 0.9875776397515528 15
1716908681603 0.9876543209876543 16
1716908681639 0.9939759036144579 17
1716908681676 0.9939759036144579 18
1716908681712 0.9878787878787879 19
1716908681748 0.9940119760479041 20
1716908681784 0.9823529411764705 21
1716908681819 0.9940476190476191 22
1716908681855 0.9935897435897436 23
1716908681889 0.9936708860759493 24
1716908681926 0.9940119760479041 25
1716908681961 0.9939759036144579 26
1716908681997 0.9763313609467456 27
1716908682032 0.9822485207100592 28
1716908682067 0.9540229885057471 29
1716908682102 0.9700598802395209 30
1716908682139 0.9821428571428571 31
1716908682175 0.9940476190476191 32
1716908682211 0.9821428571428571 33
1716908682246 1.0 34
1716908682281 0.9590643274853801 35
1716908682316 0.9709302325581395 36
1716908682352 0.9821428571428571 37
1716908682386 0.9814814814814815 38
1716908682422 1.0 39
1716908682458 0.9766081871345029 40
1716908682493 0.9879518072289156 41
1716908682528 0.9485714285714286 42
1716908682564 0.9940119760479041 43
1716908682600 0.9940476190476191 44
1716908682636 1.0 45
1716908682672 0.9822485207100592 46
1716908682707 0.9940828402366864 47
1716908682742 1.0 48
1716908682778 0.9882352941176471 49
1716908682812 1.0 50
1716908682847 0.9764705882352941 51
1716908682883 0.9821428571428571 52
1716908682918 0.9821428571428571 53
1716908682952 0.9940476190476191 54
1716908682987 1.0 55
1716908683023 0.9655172413793104 56
1716908683059 1.0 57
1716908683093 0.9940119760479041 58
1716908683129 0.912568306010929 59
1716908683164 1.0 60
1716908683199 0.9940476190476191 61
1716908683235 0.9597701149425287 62
1716908683270 0.9705882352941176 63
1716908683306 0.9821428571428571 64
1716908683340 0.9825581395348837 65
1716908683375 0.9813664596273292 66
1716908683412 1.0 67
1716908683448 0.9488636363636364 68
1716908683483 0.9810126582278481 69
1716908683517 0.9704142011834319 70
1716908683553 0.9870967741935484 71
1716908683588 1.0 72
1716908683623 0.9878787878787879 73
1716908683658 0.9700598802395209 74
1716908683694 1.0 75
1716908683729 0.9940119760479041 76
1716908683765 0.9940828402366864 77
1716908683800 1.0 78
1716908683836 0.9939393939393939 79
1716908683873 0.9939393939393939 80
1716908683907 0.9488636363636364 81
1716908683943 0.9647058823529412 82
1716908683979 0.9939759036144579 83
1716908684015 0.9938271604938271 84
1716908684062 1.0 85
1716908684099 0.9819277108433735 86
1716908684133 0.9764705882352941 87
1716908684169 0.9822485207100592 88
1716908684204 0.9881656804733728 89
1716908684239 0.9823529411764705 90
1716908684275 1.0 91
1716908684311 1.0 92
1716908684346 1.0 93
1716908684382 0.9767441860465116 94
1716908684416 0.9940476190476191 95
1716908684451 1.0 96
1716908684486 1.0 97
1716908684521 1.0 98
1716908684556 0.9881656804733728 99
1716908684591 0.9940119760479041 100
