1716909020464 0.527577885559627 1
1716909020500 0.36544396196092876 2
1716909020534 0.2957143485546112 3
1716909020569 0.258342906832695 4
1716909020604 0.2107894825083869 5
1716909020638 0.16678530190672194 6
1716909020672 0.15483625020299638 7
1716909020706 0.15499918056385859 8
1716909020741 0.21730829030275345 9
1716909020776 0.10628763054098402 10
1716909020809 0.11830568952219826 11
1716909020844 0.1227419695683888 12
1716909020878 0.10746556839772634 13
1716909020912 0.09893371484109334 14
1716909020947 0.08440560102462769 15
1716909020982 0.06547053743685995 16
1716909021017 0.10539317077824048 17
1716909021051 0.0964340226990836 18
1716909021086 0.07510415145329066 19
1716909021120 0.0721937103995255 20
