1716909020461 0.7602739726027398 1
1716909020497 0.9333333333333333 2
1716909020532 0.9536423841059603 3
1716909020566 0.9419354838709677 4
1716909020601 0.96 5
1716909020635 0.9864864864864865 6
1716909020670 0.98 7
1716909020704 0.9795918367346939 8
1716909020738 0.9605263157894737 9
1716909020773 1.0 10
1716909020807 0.9931972789115646 11
1716909020841 0.9666666666666667 12
1716909020876 0.9931972789115646 13
1716909020910 0.9671052631578947 14
1716909020945 0.98 15
1716909020979 1.0 16
1716909021014 0.9735099337748344 17
1716909021049 0.986013986013986 18
1716909021083 0.9736842105263158 19
1716909021117 0.9932432432432432 20
