1716909020461 0.7449664429530202 1
1716909020497 0.9395973154362416 2
1716909020532 0.9664429530201343 3
1716909020566 0.9798657718120806 4
1716909020602 0.9664429530201343 5
1716909020635 0.9798657718120806 6
1716909020670 0.9865771812080537 7
1716909020704 0.9664429530201343 8
1716909020739 0.9798657718120806 9
1716909020773 0.9865771812080537 10
1716909020807 0.9798657718120806 11
1716909020842 0.9731543624161074 12
1716909020876 0.9798657718120806 13
1716909020910 0.9865771812080537 14
1716909020945 0.9865771812080537 15
1716909020980 0.9865771812080537 16
1716909021015 0.9865771812080537 17
1716909021049 0.9463087248322147 18
1716909021084 0.9932885906040269 19
1716909021118 0.9865771812080537 20
