1716909020460 0.8165829145728644 1
1716909020496 0.9522613065326633 2
1716909020531 0.9698492462311558 3
1716909020565 0.9698492462311558 4
1716909020601 0.9723618090452262 5
1716909020634 0.9874371859296482 6
1716909020670 0.9874371859296482 7
1716909020703 0.9798994974874372 8
1716909020738 0.9773869346733668 9
1716909020773 0.9949748743718593 10
1716909020806 0.9899497487437185 11
1716909020841 0.9773869346733668 12
1716909020875 0.9899497487437185 13
1716909020909 0.9824120603015075 14
1716909020944 0.9874371859296482 15
1716909020979 0.9949748743718593 16
1716909021014 0.9849246231155779 17
1716909021048 0.9748743718592965 18
1716909021083 0.9874371859296482 19
1716909021117 0.992462311557789 20
