1716909020462 0.7525423728813561 1
1716909020498 0.9364548494983278 2
1716909020532 0.9600000000000001 3
1716909020567 0.9605263157894737 4
1716909020602 0.9632107023411371 5
1716909020636 0.9831649831649831 6
1716909020671 0.9832775919732442 7
1716909020704 0.9729729729729729 8
1716909020739 0.9700996677740865 9
1716909020774 0.9932432432432432 10
1716909020807 0.9864864864864865 11
1716909020842 0.9698996655518394 12
1716909020877 0.9864864864864865 13
1716909020910 0.9767441860465117 14
1716909020945 0.9832775919732442 15
1716909020980 0.9932432432432432 16
1716909021015 0.98 17
1716909021050 0.9657534246575343 18
1716909021084 0.9833887043189369 19
1716909021118 0.9898989898989898 20
