1716909084927 0.64 1
1716909084963 0.8520710059171598 2
1716909084998 0.9354838709677419 3
1716909085034 0.9483870967741935 4
1716909085069 0.954248366013072 5
1716909085104 0.961038961038961 6
1716909085139 0.961038961038961 7
1716909085173 1.0 8
1716909085209 0.9933333333333333 9
1716909085244 0.9795918367346939 10
1716909085278 0.9866666666666667 11
1716909085313 0.9867549668874173 12
1716909085348 0.9932885906040269 13
1716909085382 1.0 14
1716909085416 0.9867549668874173 15
1716909085450 0.9932885906040269 16
1716909085484 0.9932885906040269 17
1716909085519 0.9932885906040269 18
1716909085554 0.9933333333333333 19
1716909085589 0.9867549668874173 20
