1716909084928 0.7335243553008596 1
1716909084964 0.9056603773584906 2
1716909084999 0.9539473684210527 3
1716909085035 0.9671052631578947 4
1716909085070 0.9668874172185431 5
1716909085104 0.9768976897689768 6
1716909085140 0.9768976897689768 7
1716909085174 0.9863945578231292 8
1716909085210 0.9966555183946488 9
1716909085244 0.9729729729729729 10
1716909085279 0.9899665551839465 11
1716909085313 0.9933333333333334 12
1716909085349 0.9932885906040269 13
1716909085383 0.9863945578231292 14
1716909085416 0.9933333333333334 15
1716909085450 0.9932885906040269 16
1716909085485 0.9932885906040269 17
1716909085520 0.9932885906040269 18
1716909085555 0.9966555183946488 19
1716909085590 0.9933333333333334 20
