1716909084926 0.7663316582914573 1
1716909084963 0.9246231155778895 2
1716909084997 0.964824120603015 3
1716909085034 0.9748743718592965 4
1716909085069 0.9748743718592965 5
1716909085103 0.9824120603015075 6
1716909085139 0.9824120603015075 7
1716909085173 0.9899497487437185 8
1716909085208 0.9974874371859297 9
1716909085243 0.9798994974874372 10
1716909085278 0.992462311557789 11
1716909085312 0.9949748743718593 12
1716909085348 0.9949748743718593 13
1716909085381 0.9899497487437185 14
1716909085415 0.9949748743718593 15
1716909085449 0.9949748743718593 16
1716909085484 0.9949748743718593 17
1716909085519 0.9949748743718593 18
1716909085553 0.9974874371859297 19
1716909085588 0.9949748743718593 20
