1716909084930 0.5565812587738037 1
1716909084966 0.34840257252965656 2
1716909085001 0.2756316214799881 3
1716909085037 0.21505664501871383 4
1716909085072 0.20089987984725408 5
1716909085106 0.16330897063016891 6
1716909085142 0.13969010327543532 7
1716909085176 0.12207602177347456 8
1716909085211 0.10608443404947009 9
1716909085246 0.1203928877200399 10
1716909085281 0.09396123779671532 11
1716909085315 0.08110177357281957 12
1716909085351 0.06959822135312217 13
1716909085384 0.11403703902448926 14
1716909085418 0.07204064460737365 15
1716909085452 0.05932576209306717 16
1716909085487 0.0567212530544826 17
1716909085521 0.055363681965640614 18
1716909085557 0.0547087054167475 19
1716909085591 0.04777885175177029 20
