1716909084927 0.8590604026845637 1
1716909084964 0.9664429530201343 2
1716909084998 0.9731543624161074 3
1716909085035 0.9865771812080537 4
1716909085070 0.9798657718120806 5
1716909085104 0.9932885906040269 6
1716909085140 0.9932885906040269 7
1716909085174 0.9731543624161074 8
1716909085209 1.0 9
1716909085244 0.9664429530201343 10
1716909085278 0.9932885906040269 11
1716909085313 1.0 12
1716909085348 0.9932885906040269 13
1716909085382 0.9731543624161074 14
1716909085416 1.0 15
1716909085450 0.9932885906040269 16
1716909085485 0.9932885906040269 17
1716909085520 0.9932885906040269 18
1716909085554 1.0 19
1716909085589 1.0 20
